0,0,-3.14,0.23277,-0.23258,-0.42097,-0.35785,-1.298
0,0,-3.0772,0.2174,-0.23265,-0.39638,-0.35781,-1.2968
0,0,-3.0144,0.20187,-0.23272,-0.37135,-0.35777,-1.2955
0,0,-2.9516,0.18723,-0.23279,-0.34591,-0.35773,-1.2941
0,0,-2.8888,0.17361,-0.23287,-0.32008,-0.35768,-1.2927
0,0,-2.826,0.15948,-0.23295,-0.2939,-0.35762,-1.2911
0,0,-2.7632,0.14356,-0.23304,-0.2674,-0.35756,-1.2894
0,0,-2.7004,0.13558,-0.23313,-0.2406,-0.35749,-1.2877
0,0,-2.6376,0.14739,-0.23322,-0.21355,-0.3574,-1.2858
0,0,-2.5748,0.10822,-0.23331,-0.18626,-0.35731,-1.2837
0,0,-2.512,-0.029079,-0.23341,-0.15877,-0.3572,-1.2816
0,0,-2.4492,-0.13747,-0.23351,-0.13111,-0.35708,-1.2792
0,0,-2.3864,-0.17787,-0.23362,-0.10329,-0.35694,-1.2766
0,0,-2.3236,-0.18181,-0.23373,-0.075355,-0.35678,-1.2737
0,0,-2.2608,-0.16209,-0.23384,-0.047313,-0.3566,-1.2705
0,0,-2.198,-0.12919,-0.23395,-0.019189,-0.3564,-1.2669
0,0,-2.1352,-0.092894,-0.23407,0.0089994,-0.35617,-1.2627
0,0,-2.0724,-0.05886,-0.23419,0.037237,-0.35591,-1.2577
0,0,-2.0096,-0.029195,-0.23431,0.065514,-0.35562,-1.2517
0,0,-1.9468,-0.0041749,-0.23444,0.093823,-0.35529,-1.244
0,0,-1.884,0.01664,-0.23457,0.12216,-0.35491,-1.2342
0,0,-1.8212,0.033875,-0.23469,0.15053,-0.3545,-1.2212
0,0,-1.7584,0.048138,-0.23482,0.17895,-0.35405,-1.2036
0,0,-1.6956,0.059952,-0.23495,0.20743,-0.35356,-1.1796
0,0,-1.6328,0.069747,-0.23509,0.23599,-0.35306,-1.1463
0,0,-1.57,0.077867,-0.23522,0.26467,-0.35259,-1.1003
0,0,-1.5072,0.084583,-0.23535,0.29351,-0.3522,-1.0373
0,0,-1.4444,0.090112,-0.23549,0.32257,-0.35202,-0.95261
0,0,-1.3816,0.094644,-0.23563,0.35191,-0.35225,-0.84248
0,0,-1.3188,0.09838,-0.23579,0.38161,-0.35322,-0.70668
0,0,-1.256,0.10161,-0.23596,0.41176,-0.3555,-0.55193
0,0,-1.1932,0.10485,-0.23616,0.44246,-0.35992,-0.39563
0,0,-1.1304,0.10915,-0.2364,0.47382,-0.36775,-0.26673
0,0,-1.0676,0.11661,-0.23671,0.50593,-0.38068,-0.20058
0,0,-1.0048,0.13119,-0.23712,0.53883,-0.40057,-0.22452
0,0,-0.942,0.15933,-0.23767,0.57229,-0.42824,-0.33057
0,0,-0.8792,0.20866,-0.23842,0.60466,-0.46036,-0.43246
0,0,-0.8164,0.28244,-0.23946,0.62711,-0.48362,-0.34107
0,0,-0.7536,0.37245,-0.24087,0.60203,-0.47149,0.0722
0,0,-0.6908,0.45827,-0.24276,0.4764,-0.40365,0.53865
0,0,-0.628,0.5053,-0.24524,0.36785,-0.30397,0.68147
0,0,-0.5652,0.45786,-0.24839,0.34379,-0.21203,0.53066
0,0,-0.5024,0.32291,-0.25225,0.32319,-0.12114,0.28809
0,0,-0.4396,0.21768,-0.25675,0.22267,-0.0034397,0.072026
0,0,-0.3768,0.16367,-0.26172,-0.070905,0.14615,-0.08606
0,0,-0.314,0.14442,-0.26687,-0.54002,0.30551,-0.19217
0,0,-0.2512,0.15184,-0.27185,-0.68013,0.44486,-0.26069
0,0,-0.1884,0.16759,-0.27629,-0.47429,0.53561,-0.304
0,0,-0.1256,0.18229,-0.27992,-0.33645,0.50705,-0.33084
0,0,-0.0628,0.19498,-0.28256,-0.12884,0.22782,-0.34718
0,0,-4.4409e-16,0.20694,-0.28416,0.30125,-0.24179,-0.35745
0,0,0.0628,0.21968,-0.2837,0.8781,-0.547,-0.3655
0,0,0.1256,0.23487,-0.26817,0.95892,-0.57967,-0.37531
0,0,0.1884,0.25456,-0.25466,0.50009,-0.48294,-0.39148
0,0,0.2512,0.281,-0.25277,0.23062,-0.36869,-0.41915
0,0,0.314,0.31551,-0.25139,0.22648,-0.28344,-0.46275
0,0,0.3768,0.35516,-0.2499,0.33147,-0.24532,-0.52306
0,0,0.4396,0.38786,-0.24836,0.47112,-0.26569,-0.5936
0,0,0.5024,0.40354,-0.24684,0.6219,-0.35536,-0.66031
0,0,0.5652,0.4296,-0.2454,0.77566,-0.51779,-0.70697
0,0,0.628,0.4956,-0.24405,0.92269,-0.7234,-0.72253
0,0,0.6908,0.57448,-0.24281,1.0077,-0.87009,-0.70396
0,0,0.7536,0.62353,-0.24168,0.77844,-0.80866,-0.65392
0,0,0.8164,0.63088,-0.24064,0.35395,-0.54793,-0.57735
0,0,0.8792,0.60996,-0.23969,0.3233,-0.3376,-0.47937
0,0,0.942,0.5768,-0.23882,0.4344,-0.32209,-0.3648
0,0,1.0048,0.54105,-0.238,0.5586,-0.42807,-0.23828
0,0,1.0676,0.50695,-0.23722,0.67691,-0.55717,-0.10444
0,0,1.1304,0.47596,-0.23646,0.78677,-0.66455,0.03209
0,0,1.1932,0.4483,-0.23571,0.88776,-0.74084,0.16687
0,0,1.256,0.42376,-0.23496,0.97987,-0.78953,0.29597
0,0,1.3188,0.402,-0.2342,1.0633,-0.81673,0.41628
0,0,1.3816,0.38273,-0.2334,1.1383,-0.828,0.52567
0,0,1.4444,0.36569,-0.23257,1.2054,-0.82774,0.62302
0,0,1.5072,0.35065,-0.23169,1.2651,-0.81932,0.70813
0,0,1.57,0.33749,-0.23076,1.3178,-0.80528,0.78145
0,0,1.6328,0.32611,-0.22976,1.3641,-0.78756,0.84394
0,0,1.6956,0.31647,-0.2287,1.4046,-0.76763,0.89681
0,0,1.7584,0.30859,-0.22758,1.4398,-0.74658,0.94134
0,0,1.8212,0.30261,-0.22638,1.4703,-0.72524,0.97882
0,0,1.884,0.29877,-0.2251,1.4965,-0.70419,1.0104
0,0,1.9468,0.29751,-0.22375,1.5188,-0.68386,1.0372
0,0,2.0096,0.29949,-0.22233,1.5378,-0.66452,1.0601
0,0,2.0724,0.30558,-0.22083,1.5537,-0.64637,1.0798
0,0,2.1352,0.31649,-0.21926,1.567,-0.62949,1.097
0,0,2.198,0.33157,-0.21763,1.5778,-0.61392,1.1122
0,0,2.2608,0.34766,-0.21593,1.5866,-0.59966,1.1258
0,0,2.3236,0.35982,-0.21417,1.5935,-0.58667,1.1382
0,0,2.3864,0.36106,-0.21236,1.5988,-0.5749,1.1497
0,0,2.4492,0.33629,-0.21051,1.6026,-0.56428,1.1604
0,0,2.512,0.27394,-0.20862,1.6051,-0.55472,1.1705
0,0,2.5748,0.20859,-0.20671,1.6066,-0.54615,1.1802
0,0,2.6376,0.18173,-0.20478,1.607,-0.53849,1.1895
0,0,2.7004,0.18862,-0.20284,1.6066,-0.53165,1.1985
0,0,2.7632,0.21202,-0.20091,1.6053,-0.52556,1.2073
0,0,2.826,0.23719,-0.199,1.6035,-0.52014,1.2158
0,0,2.8888,0.25378,-0.19711,1.601,-0.51533,1.2242
0,0,2.9516,0.25956,-0.19527,1.598,-0.51107,1.2323
0,0,3.0144,0.25644,-0.19347,1.5945,-0.50729,1.2401
0,0,3.0772,0.24696,-0.19174,1.5906,-0.50395,1.2478
0,0,3.14,0.23351,-0.19009,1.5863,-0.501,1.2552
0,0.1,-3.14,0.2396,-0.23208,-0.42451,-0.35784,-1.2992
0,0.1,-3.0772,0.22508,-0.23213,-0.39971,-0.35781,-1.2981
0,0.1,-3.0144,0.20991,-0.23217,-0.37448,-0.35777,-1.2969
0,0.1,-2.9516,0.19518,-0.23222,-0.34885,-0.35772,-1.2956
0,0.1,-2.8888,0.18122,-0.23227,-0.32284,-0.35767,-1.2942
0,0.1,-2.826,0.16713,-0.23232,-0.2965,-0.35762,-1.2928
0,0.1,-2.7632,0.15261,-0.23238,-0.26984,-0.35755,-1.2912
0,0.1,-2.7004,0.14582,-0.23244,-0.2429,-0.35748,-1.2895
0,0.1,-2.6376,0.15,-0.2325,-0.21572,-0.35739,-1.2878
0,0.1,-2.5748,0.10241,-0.23256,-0.18831,-0.3573,-1.2858
0,0.1,-2.512,-0.024404,-0.23262,-0.16071,-0.35719,-1.2838
0,0.1,-2.4492,-0.12203,-0.23269,-0.13295,-0.35706,-1.2815
0,0.1,-2.3864,-0.16104,-0.23276,-0.10505,-0.35692,-1.279
0,0.1,-2.3236,-0.16724,-0.23283,-0.077038,-0.35676,-1.2763
0,0.1,-2.2608,-0.15084,-0.2329,-0.048933,-0.35658,-1.2732
0,0.1,-2.198,-0.12106,-0.23297,-0.020757,-0.35637,-1.2697
0,0.1,-2.1352,-0.087183,-0.23305,0.007472,-0.35614,-1.2656
0,0.1,-2.0724,-0.054868,-0.23313,0.035741,-0.35587,-1.2606
0,0.1,-2.0096,-0.026405,-0.2332,0.064038,-0.35557,-1.2545
0,0.1,-1.9468,-0.0022341,-0.23328,0.092358,-0.35523,-1.2468
0,0.1,-1.884,0.017963,-0.23336,0.1207,-0.35485,-1.2368
0,0.1,-1.8212,0.034736,-0.23344,0.14906,-0.35442,-1.2234
0,0.1,-1.7584,0.048644,-0.23353,0.17747,-0.35395,-1.2052
0,0.1,-1.6956,0.060181,-0.23361,0.20592,-0.35345,-1.1801
0,0.1,-1.6328,0.069759,-0.23369,0.23445,-0.35294,-1.1454
0,0.1,-1.57,0.077713,-0.23377,0.26309,-0.35244,-1.0972
0,0.1,-1.5072,0.084311,-0.23386,0.2919,-0.35204,-1.0313
0,0.1,-1.4444,0.089774,-0.23395,0.32091,-0.35185,-0.94273
0,0.1,-1.3816,0.094299,-0.23405,0.3502,-0.3521,-0.82814
0,0.1,-1.3188,0.098099,-0.23417,0.37986,-0.35313,-0.68781
0,0.1,-1.256,0.10148,-0.23431,0.40997,-0.35553,-0.52957
0,0.1,-1.1932,0.10499,-0.23449,0.44065,-0.36019,-0.37225
0,0.1,-1.1304,0.10967,-0.23473,0.472,-0.36843,-0.24613
0,0.1,-1.0676,0.11763,-0.23505,0.50415,-0.38201,-0.18696
0,0.1,-1.0048,0.13269,-0.23549,0.53714,-0.40278,-0.22086
0,0.1,-0.942,0.16101,-0.23611,0.57071,-0.43142,-0.33664
0,0.1,-0.8792,0.20975,-0.23697,0.60288,-0.46397,-0.44265
0,0.1,-0.8164,0.28187,-0.23817,0.62285,-0.48589,-0.34543
0,0.1,-0.7536,0.36945,-0.23979,0.58723,-0.46986,0.076248
0,0.1,-0.6908,0.45231,-0.24195,0.4547,-0.39837,0.53995
0,0.1,-0.628,0.49566,-0.24475,0.36252,-0.29974,0.67675
0,0.1,-0.5652,0.44698,-0.24826,0.3488,-0.2111,0.52672
0,0.1,-0.5024,0.31768,-0.25247,0.33181,-0.12178,0.28875
0,0.1,-0.4396,0.21732,-0.25728,0.2317,-0.0048673,0.076274
0,0.1,-0.3768,0.16521,-0.26246,-0.063498,0.14218,-0.080772
0,0.1,-0.314,0.1468,-0.26768,-0.53091,0.29686,-0.1877
0,0.1,-0.2512,0.1542,-0.27256,-0.66461,0.43245,-0.25768
0,0.1,-0.1884,0.16942,-0.27677,-0.46635,0.52449,-0.30229
0,0.1,-0.1256,0.18362,-0.28006,-0.33597,0.50282,-0.32989
0,0.1,-0.0628,0.19594,-0.28232,-0.13375,0.23216,-0.34641
0,0.1,-4.4409e-16,0.20763,-0.28357,0.28799,-0.23305,-0.35637
0,0.1,0.0628,0.22017,-0.28372,0.85716,-0.53884,-0.36376
0,0.1,0.1256,0.23516,-0.27838,0.94264,-0.57312,-0.37269
0,0.1,0.1884,0.25454,-0.2566,0.49276,-0.47761,-0.38791
0,0.1,0.2512,0.2804,-0.25111,0.22766,-0.36427,-0.41465
0,0.1,0.314,0.31387,-0.24942,0.22508,-0.27961,-0.45742
0,0.1,0.3768,0.35194,-0.24778,0.33061,-0.2417,-0.51698
0,0.1,0.4396,0.38319,-0.24614,0.47044,-0.26174,-0.58684
0,0.1,0.5024,0.39854,-0.24456,0.62126,-0.35051,-0.65287
0,0.1,0.5652,0.42339,-0.24307,0.77502,-0.51193,-0.69882
0,0.1,0.628,0.48689,-0.24172,0.92241,-0.71814,-0.71372
0,0.1,0.6908,0.56518,-0.24049,1.0108,-0.86986,-0.69457
0,0.1,0.7536,0.61571,-0.23941,0.79349,-0.81742,-0.64406
0,0.1,0.8164,0.62507,-0.23844,0.36216,-0.56092,-0.56711
0,0.1,0.8792,0.60587,-0.2376,0.3231,-0.34631,-0.46889
0,0.1,0.942,0.57395,-0.23685,0.43254,-0.32573,-0.35425
0,0.1,1.0048,0.53902,-0.23618,0.55622,-0.42971,-0.22787
0,0.1,1.0676,0.50549,-0.23558,0.67416,-0.55854,-0.094413
0,0.1,1.1304,0.47488,-0.23503,0.78365,-0.66593,0.041457
0,0.1,1.1932,0.44749,-0.23452,0.88428,-0.74201,0.17532
0,0.1,1.256,0.42315,-0.23403,0.97603,-0.79024,0.30328
0,0.1,1.3188,0.40155,-0.23354,1.0591,-0.81685,0.42229
0,0.1,1.3816,0.38241,-0.23306,1.1338,-0.82751,0.5303
0,0.1,1.4444,0.36547,-0.23256,1.2006,-0.82672,0.62625
0,0.1,1.5072,0.35052,-0.23203,1.2599,-0.81786,0.70999
0,0.1,1.57,0.33743,-0.23147,1.3124,-0.8035,0.78202
0,0.1,1.6328,0.32609,-0.23087,1.3585,-0.78557,0.84332
0,0.1,1.6956,0.31647,-0.23023,1.3988,-0.76551,0.89509
0,0.1,1.7584,0.30859,-0.22952,1.4338,-0.74442,0.93864
0,0.1,1.8212,0.30257,-0.22876,1.4641,-0.72309,0.97524
0,0.1,1.884,0.29864,-0.22793,1.4901,-0.7021,1.006
0,0.1,1.9468,0.29721,-0.22704,1.5123,-0.68186,1.0321
0,0.1,2.0096,0.29892,-0.22607,1.5311,-0.66263,1.0543
0,0.1,2.0724,0.3046,-0.22502,1.547,-0.6446,1.0734
0,0.1,2.1352,0.31492,-0.22389,1.5601,-0.62785,1.0901
0,0.1,2.198,0.32931,-0.22268,1.5709,-0.61242,1.1047
0,0.1,2.2608,0.34476,-0.22139,1.5796,-0.59829,1.1179
0,0.1,2.3236,0.35617,-0.22002,1.5864,-0.58543,1.1298
0,0.1,2.3864,0.35583,-0.21857,1.5916,-0.57377,1.1409
0,0.1,2.4492,0.32926,-0.21703,1.5954,-0.56326,1.1512
0,0.1,2.512,0.26811,-0.21542,1.5979,-0.55381,1.1609
0,0.1,2.5748,0.20565,-0.21374,1.5993,-0.54534,1.1703
0,0.1,2.6376,0.17952,-0.21198,1.5997,-0.53776,1.1793
0,0.1,2.7004,0.18623,-0.21016,1.5993,-0.531,1.188
0,0.1,2.7632,0.20988,-0.20828,1.5981,-0.52498,1.1966
0,0.1,2.826,0.23611,-0.20635,1.5962,-0.51963,1.205
0,0.1,2.8888,0.25428,-0.20437,1.5937,-0.51488,1.2133
0,0.1,2.9516,0.26177,-0.20236,1.5907,-0.51067,1.2214
0,0.1,3.0144,0.26036,-0.20032,1.5872,-0.50694,1.2293
0,0.1,3.0772,0.25245,-0.19827,1.5833,-0.50364,1.2371
0,0.1,3.14,0.24029,-0.19622,1.579,-0.50072,1.2446
0,0.2,-3.14,0.24388,-0.23176,-0.42793,-0.35784,-1.3003
0,0.2,-3.0772,0.23041,-0.23179,-0.40292,-0.3578,-1.2993
0,0.2,-3.0144,0.21584,-0.23182,-0.3775,-0.35776,-1.2982
0,0.2,-2.9516,0.20132,-0.23185,-0.35168,-0.35772,-1.2969
0,0.2,-2.8888,0.18732,-0.23188,-0.3255,-0.35767,-1.2957
0,0.2,-2.826,0.17343,-0.23192,-0.299,-0.35761,-1.2943
0,0.2,-2.7632,0.16011,-0.23195,-0.27219,-0.35754,-1.2928
0,0.2,-2.7004,0.15356,-0.23199,-0.24511,-0.35747,-1.2913
0,0.2,-2.6376,0.14905,-0.23203,-0.2178,-0.35738,-1.2896
0,0.2,-2.5748,0.091946,-0.23207,-0.19028,-0.35728,-1.2877
0,0.2,-2.512,-0.026363,-0.23211,-0.16258,-0.35717,-1.2858
0,0.2,-2.4492,-0.11277,-0.23215,-0.13472,-0.35705,-1.2836
0,0.2,-2.3864,-0.14839,-0.23219,-0.10674,-0.3569,-1.2812
0,0.2,-2.3236,-0.1548,-0.23224,-0.078653,-0.35674,-1.2786
0,0.2,-2.2608,-0.14022,-0.23228,-0.050489,-0.35656,-1.2756
0,0.2,-2.198,-0.11275,-0.23233,-0.022264,-0.35634,-1.2722
0,0.2,-2.1352,-0.080978,-0.23238,0.0060029,-0.3561,-1.2681
0,0.2,-2.0724,-0.050323,-0.23242,0.034299,-0.35583,-1.2632
0,0.2,-2.0096,-0.023102,-0.23247,0.062614,-0.35552,-1.2571
0,0.2,-1.9468,0.00014462,-0.23252,0.090942,-0.35517,-1.2492
0,0.2,-1.884,0.019648,-0.23257,0.11928,-0.35478,-1.2389
0,0.2,-1.8212,0.035888,-0.23262,0.14764,-0.35434,-1.2251
0,0.2,-1.7584,0.049379,-0.23267,0.17602,-0.35386,-1.2061
0,0.2,-1.6956,0.060585,-0.23272,0.20445,-0.35335,-1.18
0,0.2,-1.6328,0.069899,-0.23277,0.23295,-0.35281,-1.1436
0,0.2,-1.57,0.077642,-0.23282,0.26155,-0.3523,-1.0931
0,0.2,-1.5072,0.08408,-0.23288,0.29031,-0.35189,-1.024
0,0.2,-1.4444,0.089431,-0.23294,0.31927,-0.35171,-0.93145
0,0.2,-1.3816,0.093898,-0.23302,0.34852,-0.35198,-0.81226
0,0.2,-1.3188,0.097701,-0.23312,0.37813,-0.35309,-0.66735
0,0.2,-1.256,0.10116,-0.23325,0.40819,-0.35563,-0.50572
0,0.2,-1.1932,0.10481,-0.23343,0.43883,-0.36056,-0.34768
0,0.2,-1.1304,0.10972,-0.23368,0.47017,-0.36925,-0.22473
0,0.2,-1.0676,0.11792,-0.23404,0.50232,-0.38353,-0.17288
0,0.2,-1.0048,0.13307,-0.23454,0.53535,-0.40526,-0.21684
0,0.2,-0.942,0.16096,-0.23526,0.56893,-0.4349,-0.34206
0,0.2,-0.8792,0.20826,-0.23626,0.60062,-0.46785,-0.45146
0,0.2,-0.8164,0.27766,-0.23764,0.6172,-0.48825,-0.34752
0,0.2,-0.7536,0.36167,-0.23951,0.56948,-0.46818,0.08297
0,0.2,-0.6908,0.44067,-0.24198,0.43305,-0.39336,0.54398
0,0.2,-0.628,0.48093,-0.24513,0.35744,-0.29619,0.67492
0,0.2,-0.5652,0.43481,-0.24901,0.35269,-0.21075,0.52548
0,0.2,-0.5024,0.31459,-0.25357,0.33933,-0.12275,0.29145
0,0.2,-0.4396,0.2193,-0.25866,0.24045,-0.006612,0.081899
0,0.2,-0.3768,0.16869,-0.26399,-0.055289,0.13777,-0.074478
0,0.2,-0.314,0.14983,-0.26921,-0.52017,0.28782,-0.18225
0,0.2,-0.2512,0.15601,-0.27394,-0.6475,0.42008,-0.25355
0,0.2,-0.1884,0.17039,-0.27787,-0.45727,0.51405,-0.29925
0,0.2,-0.1256,0.18417,-0.28079,-0.33455,0.49957,-0.32745
0,0.2,-0.0628,0.19631,-0.28266,-0.13792,0.23739,-0.34408
0,0.2,-4.4409e-16,0.20793,-0.28352,0.27531,-0.22364,-0.35373
0,0.2,0.0628,0.22044,-0.28349,0.83655,-0.53024,-0.36053
0,0.2,0.1256,0.23537,-0.28182,0.92638,-0.5663,-0.3687
0,0.2,0.1884,0.25454,-0.26641,0.48541,-0.47214,-0.38308
0,0.2,0.2512,0.27979,-0.25074,0.22471,-0.35977,-0.40902
0,0.2,0.314,0.31187,-0.24805,0.22372,-0.27578,-0.45106
0,0.2,0.3768,0.34754,-0.24622,0.32978,-0.23813,-0.51
0,0.2,0.4396,0.37618,-0.24444,0.46979,-0.2579,-0.57929
0,0.2,0.5024,0.39092,-0.24275,0.62064,-0.34582,-0.64476
0,0.2,0.5652,0.416,-0.24118,0.7744,-0.50624,-0.69021
0,0.2,0.628,0.47791,-0.23975,0.92212,-0.71296,-0.7047
0,0.2,0.6908,0.55481,-0.23848,1.0137,-0.86953,-0.68527
0,0.2,0.7536,0.60572,-0.23737,0.8083,-0.826,-0.63462
0,0.2,0.8164,0.61673,-0.2364,0.37076,-0.57396,-0.55767
0,0.2,0.8792,0.59943,-0.23556,0.32299,-0.35518,-0.45957
0,0.2,0.942,0.56911,-0.23484,0.43069,-0.32939,-0.3452
0,0.2,1.0048,0.53538,-0.23423,0.55387,-0.43124,-0.21925
0,0.2,1.0676,0.50271,-0.2337,0.67142,-0.55976,-0.086425
0,0.2,1.1304,0.47272,-0.23325,0.78055,-0.66716,0.048605
0,0.2,1.1932,0.44579,-0.23285,0.88081,-0.74303,0.18143
0,0.2,1.256,0.42179,-0.23249,0.97221,-0.79081,0.30819
0,0.2,1.3188,0.40047,-0.23216,1.0549,-0.81685,0.4259
0,0.2,1.3816,0.38155,-0.23185,1.1293,-0.82694,0.53257
0,0.2,1.4444,0.36479,-0.23155,1.1958,-0.82563,0.6272
0,0.2,1.5072,0.35001,-0.23125,1.2549,-0.81635,0.70968
0,0.2,1.57,0.33705,-0.23094,1.307,-0.80169,0.78056
0,0.2,1.6328,0.32583,-0.23061,1.3529,-0.78355,0.84082
0,0.2,1.6956,0.3163,-0.23025,1.3929,-0.76338,0.89167
0,0.2,1.7584,0.30848,-0.22986,1.4278,-0.74225,0.93442
0,0.2,1.8212,0.3025,-0.22944,1.4579,-0.72094,0.97031
0,0.2,1.884,0.29857,-0.22897,1.4838,-0.70001,1.0005
0,0.2,1.9468,0.2971,-0.22845,1.5058,-0.67987,1.026
0,0.2,2.0096,0.2987,-0.22788,1.5245,-0.66076,1.0477
0,0.2,2.0724,0.30417,-0.22725,1.5402,-0.64285,1.0664
0,0.2,2.1352,0.31414,-0.22655,1.5533,-0.62623,1.0826
0,0.2,2.198,0.32805,-0.22579,1.564,-0.61093,1.0969
0,0.2,2.2608,0.34287,-0.22495,1.5726,-0.59693,1.1097
0,0.2,2.3236,0.35314,-0.22404,1.5794,-0.58419,1.1213
0,0.2,2.3864,0.35068,-0.22305,1.5845,-0.57266,1.1319
0,0.2,2.4492,0.32213,-0.22198,1.5883,-0.56226,1.1419
0,0.2,2.512,0.26219,-0.22082,1.5908,-0.55291,1.1513
0,0.2,2.5748,0.20211,-0.21959,1.5921,-0.54453,1.1603
0,0.2,2.6376,0.17606,-0.21826,1.5925,-0.53704,1.1691
0,0.2,2.7004,0.18203,-0.21685,1.5921,-0.53036,1.1776
0,0.2,2.7632,0.2054,-0.21536,1.5908,-0.52441,1.1859
0,0.2,2.826,0.23226,-0.21378,1.5889,-0.51912,1.1942
0,0.2,2.8888,0.25186,-0.21212,1.5864,-0.51443,1.2023
0,0.2,2.9516,0.26107,-0.21037,1.5834,-0.51027,1.2103
0,0.2,3.0144,0.26143,-0.20855,1.58,-0.50658,1.2182
0,0.2,3.0772,0.25521,-0.20666,1.5761,-0.50332,1.226
0,0.2,3.14,0.24451,-0.20471,1.5718,-0.50044,1.2337
0,0.3,-3.14,0.24528,-0.23155,-0.43124,-0.35784,-1.3014
0,0.3,-3.0772,0.23304,-0.23157,-0.40603,-0.3578,-1.3004
0,0.3,-3.0144,0.21935,-0.23159,-0.38041,-0.35776,-1.2993
0,0.3,-2.9516,0.20535,-0.23161,-0.35442,-0.35771,-1.2982
0,0.3,-2.8888,0.19161,-0.23163,-0.32807,-0.35766,-1.297
0,0.3,-2.826,0.17807,-0.23165,-0.3014,-0.3576,-1.2957
0,0.3,-2.7632,0.16561,-0.23167,-0.27445,-0.35754,-1.2943
0,0.3,-2.7004,0.15784,-0.2317,-0.24724,-0.35746,-1.2928
0,0.3,-2.6376,0.14335,-0.23172,-0.2198,-0.35737,-1.2912
0,0.3,-2.5748,0.076803,-0.23175,-0.19216,-0.35727,-1.2894
0,0.3,-2.512,-0.033375,-0.23177,-0.16436,-0.35716,-1.2875
0,0.3,-2.4492,-0.10828,-0.2318,-0.13641,-0.35703,-1.2855
0,0.3,-2.3864,-0.1391,-0.23182,-0.10835,-0.35689,-1.2832
0,0.3,-2.3236,-0.14416,-0.23185,-0.0802,-0.35672,-1.2806
0,0.3,-2.2608,-0.13015,-0.23188,-0.05198,-0.35653,-1.2777
0,0.3,-2.198,-0.10429,-0.23191,-0.023711,-0.35632,-1.2743
0,0.3,-2.1352,-0.07432,-0.23194,0.0045912,-0.35607,-1.2703
0,0.3,-2.0724,-0.045257,-0.23196,0.032911,-0.35579,-1.2653
0,0.3,-2.0096,-0.019312,-0.23199,0.06124,-0.35548,-1.2591
0,0.3,-1.9468,0.0029461,-0.23202,0.089573,-0.35512,-1.2511
0,0.3,-1.884,0.021683,-0.23205,0.11791,-0.35472,-1.2404
0,0.3,-1.8212,0.037325,-0.23208,0.14625,-0.35427,-1.2261
0,0.3,-1.7584,0.050341,-0.2321,0.17461,-0.35377,-1.2063
0,0.3,-1.6956,0.061164,-0.23213,0.20301,-0.35324,-1.1789
0,0.3,-1.6328,0.070167,-0.23216,0.23147,-0.35269,-1.1407
0,0.3,-1.57,0.077658,-0.2322,0.26004,-0.35217,-1.0877
0,0.3,-1.5072,0.083895,-0.23224,0.28875,-0.35176,-1.0152
0,0.3,-1.4444,0.089093,-0.23229,0.31766,-0.35158,-0.91848
0,0.3,-1.3816,0.093453,-0.23236,0.34685,-0.35189,-0.7945
0,0.3,-1.3188,0.097202,-0.23246,0.37641,-0.35308,-0.64495
0,0.3,-1.256,0.10065,-0.2326,0.40642,-0.3558,-0.48002
0,0.3,-1.1932,0.10436,-0.2328,0.43702,-0.36103,-0.32153
0,0.3,-1.1304,0.10934,-0.23308,0.46832,-0.37022,-0.20211
0,0.3,-1.0676,0.11754,-0.2335,0.50045,-0.38527,-0.15784
0,0.3,-1.0048,0.13242,-0.2341,0.53348,-0.40801,-0.2119
0,0.3,-0.942,0.15934,-0.23494,0.56698,-0.4387,-0.34619
0,0.3,-0.8792,0.20443,-0.23611,0.59791,-0.47197,-0.45821
0,0.3,-0.8164,0.27019,-0.23772,0.6101,-0.49067,-0.34661
0,0.3,-0.7536,0.34965,-0.23987,0.54903,-0.46644,0.093065
0,0.3,-0.6908,0.42417,-0.24267,0.41215,-0.38867,0.55138
0,0.3,-0.628,0.46212,-0.24619,0.35257,-0.29335,0.67651
0,0.3,-0.5652,0.42172,-0.25045,0.3554,-0.21095,0.52734
0,0.3,-0.5024,0.31325,-0.25535,0.34542,-0.12406,0.29656
0,0.3,-0.4396,0.22338,-0.26068,0.24832,-0.0086923,0.089269
0,0.3,-0.3768,0.17399,-0.26612,-0.046903,0.13291,-0.066811
0,0.3,-0.314,0.15363,-0.27128,-0.50813,0.27839,-0.17554
0,0.3,-0.2512,0.15749,-0.27581,-0.62881,0.40782,-0.24811
0,0.3,-0.1884,0.17062,-0.27942,-0.44685,0.50431,-0.29487
0,0.3,-0.1256,0.18403,-0.28197,-0.33196,0.4973,-0.32374
0,0.3,-0.0628,0.19615,-0.28345,-0.14117,0.24351,-0.34063
0,0.3,-4.4409e-16,0.20785,-0.28395,0.26334,-0.21357,-0.35025
0,0.3,0.0628,0.22047,-0.28362,0.81635,-0.5212,-0.35679
0,0.3,0.1256,0.23546,-0.28248,0.91019,-0.55922,-0.36458
0,0.3,0.1884,0.25445,-0.27681,0.47806,-0.46653,-0.37853
0,0.3,0.2512,0.27898,-0.2542,0.22179,-0.35522,-0.40402
0,0.3,0.314,0.3093,-0.24739,0.22239,-0.27196,-0.44566
0,0.3,0.3768,0.3418,-0.24523,0.32899,-0.23463,-0.5042
0,0.3,0.4396,0.367,-0.24331,0.46917,-0.25417,-0.57307
0,0.3,0.5024,0.38113,-0.24149,0.62004,-0.34128,-0.63809
0,0.3,0.5652,0.40758,-0.23981,0.7738,-0.50072,-0.68308
0,0.3,0.628,0.4687,-0.23829,0.92182,-0.70786,-0.69718
0,0.3,0.6908,0.54354,-0.23694,1.0165,-0.86908,-0.67751
0,0.3,0.7536,0.59382,-0.23576,0.82285,-0.83438,-0.62678
0,0.3,0.8164,0.60606,-0.23474,0.37974,-0.58704,-0.5499
0,0.3,0.8792,0.59076,-0.23386,0.32299,-0.3642,-0.452
0,0.3,0.942,0.56235,-0.23313,0.42888,-0.33309,-0.33797
0,0.3,1.0048,0.53015,-0.2325,0.55152,-0.43268,-0.21253
0,0.3,1.0676,0.49862,-0.23198,0.6687,-0.56082,-0.080387
0,0.3,1.1304,0.46948,-0.23155,0.77747,-0.66823,0.053778
0,0.3,1.1932,0.44318,-0.23118,0.87737,-0.74391,0.18557
0,0.3,1.256,0.41968,-0.23087,0.96841,-0.79126,0.31117
0,0.3,1.3188,0.39875,-0.23061,1.0508,-0.81675,0.42765
0,0.3,1.3816,0.38016,-0.23038,1.1249,-0.82628,0.53306
0,0.3,1.4444,0.36367,-0.23018,1.191,-0.82447,0.62648
0,0.3,1.5072,0.34912,-0.22999,1.2498,-0.8148,0.70783
0,0.3,1.57,0.33636,-0.22981,1.3017,-0.79984,0.77769
0,0.3,1.6328,0.32532,-0.22963,1.3473,-0.78151,0.83704
0,0.3,1.6956,0.31594,-0.22945,1.3872,-0.76124,0.88712
0,0.3,1.7584,0.30826,-0.22925,1.4218,-0.74008,0.92919
0,0.3,1.8212,0.30239,-0.22904,1.4517,-0.71879,0.96451
0,0.3,1.884,0.29855,-0.2288,1.4774,-0.69794,0.99421
0,0.3,1.9468,0.29715,-0.22854,1.4994,-0.67788,1.0193
0,0.3,2.0096,0.29878,-0.22824,1.518,-0.65889,1.0407
0,0.3,2.0724,0.30422,-0.2279,1.5336,-0.64111,1.059
0,0.3,2.1352,0.31406,-0.22752,1.5465,-0.62463,1.0749
0,0.3,2.198,0.32765,-0.2271,1.5571,-0.60946,1.0889
0,0.3,2.2608,0.34184,-0.22662,1.5657,-0.59559,1.1014
0,0.3,2.3236,0.35073,-0.2261,1.5724,-0.58297,1.1127
0,0.3,2.3864,0.34576,-0.22551,1.5775,-0.57156,1.1231
0,0.3,2.4492,0.31507,-0.22486,1.5812,-0.56127,1.1328
0,0.3,2.512,0.25616,-0.22414,1.5836,-0.55202,1.1419
0,0.3,2.5748,0.19797,-0.22335,1.585,-0.54373,1.1507
0,0.3,2.6376,0.17147,-0.22249,1.5854,-0.53633,1.1591
0,0.3,2.7004,0.17614,-0.22155,1.5849,-0.52972,1.1674
0,0.3,2.7632,0.19864,-0.22054,1.5836,-0.52384,1.1755
0,0.3,2.826,0.22565,-0.21944,1.5817,-0.51862,1.1835
0,0.3,2.8888,0.24647,-0.21825,1.5793,-0.51398,1.1914
0,0.3,2.9516,0.25735,-0.21698,1.5762,-0.50987,1.1993
0,0.3,3.0144,0.25947,-0.21562,1.5728,-0.50623,1.2071
0,0.3,3.0772,0.25499,-0.21418,1.5689,-0.50301,1.2149
0,0.3,3.14,0.24584,-0.21264,1.5647,-0.50017,1.2226
0,0.4,-3.14,0.24369,-0.23141,-0.43443,-0.35783,-1.3023
0,0.4,-3.0772,0.23285,-0.23142,-0.40903,-0.3578,-1.3013
0,0.4,-3.0144,0.22027,-0.23144,-0.38322,-0.35776,-1.3003
0,0.4,-2.9516,0.20706,-0.23145,-0.35705,-0.35771,-1.2992
0,0.4,-2.8888,0.1938,-0.23146,-0.33053,-0.35766,-1.2981
0,0.4,-2.826,0.18061,-0.23148,-0.30371,-0.3576,-1.2969
0,0.4,-2.7632,0.16834,-0.23149,-0.27661,-0.35753,-1.2955
0,0.4,-2.7004,0.15748,-0.23151,-0.24927,-0.35745,-1.2941
0,0.4,-2.6376,0.13188,-0.23152,-0.22171,-0.35736,-1.2925
0,0.4,-2.5748,0.057107,-0.23154,-0.19396,-0.35726,-1.2909
0,0.4,-2.512,-0.044085,-0.23155,-0.16606,-0.35715,-1.289
0,0.4,-2.4492,-0.10723,-0.23157,-0.13803,-0.35702,-1.287
0,0.4,-2.3864,-0.13226,-0.23158,-0.1099,-0.35687,-1.2848
0,0.4,-2.3236,-0.13479,-0.2316,-0.081681,-0.3567,-1.2823
0,0.4,-2.2608,-0.12042,-0.23162,-0.053408,-0.35651,-1.2794
0,0.4,-2.198,-0.09561,-0.23163,-0.025097,-0.35629,-1.276
0,0.4,-2.1352,-0.067211,-0.23165,0.0032361,-0.35604,-1.2719
0,0.4,-2.0724,-0.039686,-0.23167,0.031577,-0.35575,-1.2668
0,0.4,-2.0096,-0.015048,-0.23168,0.059917,-0.35543,-1.2605
0,0.4,-1.9468,0.0061588,-0.2317,0.08825,-0.35506,-1.2522
0,0.4,-1.884,0.024063,-0.23171,0.11658,-0.35465,-1.2411
0,0.4,-1.8212,0.039042,-0.23173,0.1449,-0.35419,-1.2261
0,0.4,-1.7584,0.051527,-0.23174,0.17324,-0.35368,-1.2054
0,0.4,-1.6956,0.061919,-0.23176,0.20161,-0.35314,-1.1766
0,0.4,-1.6328,0.070568,-0.23178,0.23003,-0.35258,-1.1364
0,0.4,-1.57,0.077768,-0.23181,0.25855,-0.35205,-1.0806
0,0.4,-1.5072,0.083765,-0.23184,0.28721,-0.35163,-1.0045
0,0.4,-1.4444,0.088771,-0.23189,0.31607,-0.35148,-0.90335
0,0.4,-1.3816,0.092984,-0.23196,0.34521,-0.35183,-0.77438
0,0.4,-1.3188,0.096626,-0.23207,0.37471,-0.35313,-0.6201
0,0.4,-1.256,0.10001,-0.23223,0.40467,-0.35603,-0.45197
0,0.4,-1.1932,0.10367,-0.23247,0.43521,-0.3616,-0.29327
0,0.4,-1.1304,0.10858,-0.23281,0.46647,-0.37135,-0.1777
0,0.4,-1.0676,0.11658,-0.23331,0.49857,-0.38722,-0.14125
0,0.4,-1.0048,0.13086,-0.23402,0.53157,-0.41105,-0.20537
0,0.4,-0.942,0.15635,-0.23501,0.5649,-0.4428,-0.34835
0,0.4,-0.8792,0.1986,-0.23639,0.59476,-0.47633,-0.46217
0,0.4,-0.8164,0.25995,-0.23825,0.60145,-0.49312,-0.34204
0,0.4,-0.7536,0.3341,-0.24072,0.52626,-0.46465,0.10705
0,0.4,-0.6908,0.40377,-0.24388,0.39254,-0.38433,0.56248
0,0.4,-0.628,0.44024,-0.24779,0.34793,-0.29119,0.68166
0,0.4,-0.5652,0.40779,-0.25242,0.35702,-0.21168,0.53221
0,0.4,-0.5024,0.31308,-0.25763,0.35001,-0.12569,0.30384
0,0.4,-0.4396,0.22919,-0.26316,0.25489,-0.011129,0.098035
0,0.4,-0.3768,0.18099,-0.26865,-0.03899,0.12758,-0.058238
0,0.4,-0.314,0.1585,-0.2737,-0.49534,0.2686,-0.16817
0,0.4,-0.2512,0.15902,-0.27798,-0.60877,0.3957,-0.24219
0,0.4,-0.1884,0.17037,-0.28126,-0.43501,0.49533,-0.29019
0,0.4,-0.1256,0.18329,-0.28344,-0.32798,0.49602,-0.31998
0,0.4,-0.0628,0.19546,-0.28456,-0.1433,0.25047,-0.33748
0,0.4,-4.4409e-16,0.20738,-0.28472,0.25224,-0.20287,-0.34746
0,0.4,0.0628,0.22022,-0.2841,0.79669,-0.51174,-0.35419
0,0.4,0.1256,0.23532,-0.28284,0.89414,-0.55189,-0.36204
0,0.4,0.1884,0.25411,-0.28036,0.47075,-0.46077,-0.37597
0,0.4,0.2512,0.2777,-0.26549,0.21894,-0.3506,-0.40138
0,0.4,0.314,0.30581,-0.24802,0.22112,-0.26813,-0.44287
0,0.4,0.3768,0.33453,-0.24475,0.32825,-0.23118,-0.50118
0,0.4,0.4396,0.3559,-0.24266,0.46858,-0.25056,-0.56967
0,0.4,0.5024,0.36978,-0.24072,0.61948,-0.33691,-0.63415
0,0.4,0.5652,0.39851,-0.23893,0.77322,-0.49537,-0.6785
0,0.4,0.628,0.45933,-0.23731,0.92152,-0.70285,-0.69199
0,0.4,0.6908,0.53151,-0.23587,1.0191,-0.86854,-0.67183
0,0.4,0.7536,0.58025,-0.23461,0.83713,-0.84257,-0.62079
0,0.4,0.8164,0.59327,-0.23352,0.38912,-0.60013,-0.54377
0,0.4,0.8792,0.58001,-0.23259,0.3231,-0.37338,-0.44593
0,0.4,0.942,0.55376,-0.2318,0.42709,-0.33681,-0.33215
0,0.4,1.0048,0.52337,-0.23114,0.5492,-0.43401,-0.20715
0,0.4,1.0676,0.49325,-0.23059,0.666,-0.56174,-0.075656
0,0.4,1.1304,0.46517,-0.23014,0.7744,-0.66914,0.057669
0,0.4,1.1932,0.43968,-0.22976,0.87394,-0.74464,0.18845
0,0.4,1.256,0.41682,-0.22946,0.96463,-0.79159,0.31293
0,0.4,1.3188,0.3964,-0.22921,1.0467,-0.81655,0.42821
0,0.4,1.3816,0.37822,-0.229,1.1204,-0.82554,0.53243
0,0.4,1.4444,0.3621,-0.22883,1.1863,-0.82326,0.6247
0,0.4,1.5072,0.34785,-0.22869,1.2448,-0.8132,0.705
0,0.4,1.57,0.33536,-0.22857,1.2964,-0.79797,0.77392
0,0.4,1.6328,0.32456,-0.22846,1.3418,-0.77946,0.83246
0,0.4,1.6956,0.3154,-0.22836,1.3814,-0.7591,0.88185
0,0.4,1.7584,0.30791,-0.22826,1.4159,-0.73791,0.92335
0,0.4,1.8212,0.30222,-0.22815,1.4456,-0.71665,0.95819
0,0.4,1.884,0.29856,-0.22804,1.4712,-0.69587,0.98749
0,0.4,1.9468,0.29733,-0.22792,1.493,-0.67591,1.0123
0,0.4,2.0096,0.29911,-0.22778,1.5114,-0.65704,1.0333
0,0.4,2.0724,0.30467,-0.22763,1.5269,-0.63939,1.0514
0,0.4,2.1352,0.31454,-0.22745,1.5398,-0.62303,1.0671
0,0.4,2.198,0.32797,-0.22724,1.5503,-0.60799,1.0809
0,0.4,2.2608,0.34159,-0.227,1.5588,-0.59425,1.0932
0,0.4,2.3236,0.34897,-0.22673,1.5654,-0.58177,1.1043
0,0.4,2.3864,0.34129,-0.22642,1.5705,-0.57047,1.1144
0,0.4,2.4492,0.30831,-0.22607,1.5742,-0.56028,1.1239
0,0.4,2.512,0.2501,-0.22567,1.5766,-0.55114,1.1328
0,0.4,2.5748,0.1933,-0.22523,1.5779,-0.54294,1.1413
0,0.4,2.6376,0.16591,-0.22473,1.5782,-0.53562,1.1495
0,0.4,2.7004,0.16874,-0.22418,1.5777,-0.5291,1.1575
0,0.4,2.7632,0.18976,-0.22357,1.5765,-0.52329,1.1654
0,0.4,2.826,0.21636,-0.2229,1.5746,-0.51812,1.1732
0,0.4,2.8888,0.23809,-0.22215,1.5721,-0.51354,1.1809
0,0.4,2.9516,0.25058,-0.22134,1.5691,-0.50948,1.1886
0,0.4,3.0144,0.25445,-0.22046,1.5657,-0.50589,1.1962
0,0.4,3.0772,0.2517,-0.21949,1.5618,-0.50271,1.2039
0,0.4,3.14,0.24417,-0.21845,1.5576,-0.4999,1.2115
0,0.5,-3.14,0.23914,-0.23133,-0.43752,-0.35783,-1.3031
0,0.5,-3.0772,0.22981,-0.23133,-0.41192,-0.35779,-1.3021
0,0.5,-3.0144,0.21851,-0.23134,-0.38593,-0.35775,-1.3012
0,0.5,-2.9516,0.20621,-0.23135,-0.35958,-0.3577,-1.3001
0,0.5,-2.8888,0.19344,-0.23136,-0.3329,-0.35765,-1.299
0,0.5,-2.826,0.18035,-0.23137,-0.30592,-0.35759,-1.2978
0,0.5,-2.7632,0.16721,-0.23137,-0.27869,-0.35752,-1.2965
0,0.5,-2.7004,0.15117,-0.23138,-0.25121,-0.35744,-1.2951
0,0.5,-2.6376,0.11393,-0.23139,-0.22354,-0.35735,-1.2936
0,0.5,-2.5748,0.033367,-0.2314,-0.19569,-0.35725,-1.2919
0,0.5,-2.512,-0.057149,-0.23141,-0.16769,-0.35713,-1.2901
0,0.5,-2.4492,-0.10832,-0.23142,-0.13958,-0.357,-1.2881
0,0.5,-2.3864,-0.12692,-0.23143,-0.11137,-0.35685,-1.2859
0,0.5,-2.3236,-0.12611,-0.23144,-0.083094,-0.35668,-1.2833
0,0.5,-2.2608,-0.11075,-0.23145,-0.054773,-0.35648,-1.2804
0,0.5,-2.198,-0.086616,-0.23146,-0.026424,-0.35626,-1.2769
0,0.5,-2.1352,-0.059631,-0.23146,0.0019366,-0.356,-1.2727
0,0.5,-2.0724,-0.033617,-0.23147,0.030295,-0.35571,-1.2675
0,0.5,-2.0096,-0.010321,-0.23148,0.058642,-0.35538,-1.2609
0,0.5,-1.9468,0.0097731,-0.23149,0.086974,-0.35501,-1.2522
0,0.5,-1.884,0.026779,-0.23149,0.11529,-0.35459,-1.2406
0,0.5,-1.8212,0.041037,-0.2315,0.1436,-0.35412,-1.2248
0,0.5,-1.7584,0.052937,-0.23151,0.17191,-0.3536,-1.203
0,0.5,-1.6956,0.062851,-0.23152,0.20024,-0.35304,-1.1725
0,0.5,-1.6328,0.071106,-0.23154,0.22862,-0.35247,-1.1301
0,0.5,-1.57,0.077979,-0.23156,0.25709,-0.35194,-1.0714
0,0.5,-1.5072,0.083705,-0.2316,0.2857,-0.35152,-0.99137
0,0.5,-1.4444,0.088485,-0.23166,0.31451,-0.35139,-0.88544
0,0.5,-1.3816,0.092513,-0.23175,0.34359,-0.35181,-0.75128
0,0.5,-1.3188,0.096006,-0.23188,0.37303,-0.35322,-0.59219
0,0.5,-1.256,0.099265,-0.23207,0.40293,-0.35634,-0.42097
0,0.5,-1.1932,0.1028,-0.23235,0.43341,-0.36229,-0.26235
0,0.5,-1.1304,0.10753,-0.23277,0.46462,-0.37264,-0.151
0,0.5,-1.0676,0.11514,-0.23337,0.49668,-0.38939,-0.12263
0,0.5,-1.0048,0.12857,-0.23421,0.52961,-0.41436,-0.19684
0,0.5,-0.942,0.15224,-0.23538,0.56269,-0.44721,-0.34815
0,0.5,-0.8792,0.19116,-0.23699,0.59114,-0.48091,-0.46309
0,0.5,-0.8164,0.24751,-0.23914,0.59109,-0.49557,-0.33374
0,0.5,-0.7536,0.3158,-0.24195,0.50163,-0.46283,0.12472
0,0.5,-0.6908,0.38046,-0.24549,0.37455,-0.3804,0.57679
0,0.5,-0.628,0.41614,-0.2498,0.34353,-0.28973,0.68956
0,0.5,-0.5652,0.39291,-0.25479,0.3577,-0.21291,0.53903
0,0.5,-0.5024,0.31335,-0.26028,0.35315,-0.12764,0.31204
0,0.5,-0.4396,0.23629,-0.26595,0.25993,-0.013942,0.10684
0,0.5,-0.3768,0.18944,-0.27143,-0.032092,0.12175,-0.050211
0,0.5,-0.314,0.1648,-0.27631,-0.48245,0.25846,-0.16169
0,0.5,-0.2512,0.16121,-0.28032,-0.58782,0.38379,-0.23739
0,0.5,-0.1884,0.17001,-0.28326,-0.42184,0.48713,-0.28687
0,0.5,-0.1256,0.18212,-0.28508,-0.32247,0.49571,-0.31783
0,0.5,-0.0628,0.19429,-0.28586,-0.14409,0.25827,-0.33622
0,0.5,-4.4409e-16,0.20647,-0.28572,0.24222,-0.19156,-0.34686
0,0.5,0.0628,0.21958,-0.28483,0.77771,-0.50187,-0.35406
0,0.5,0.1256,0.23478,-0.28337,0.87833,-0.54431,-0.36224
0,0.5,0.1884,0.25323,-0.28137,0.46356,-0.45488,-0.37637
0,0.5,0.2512,0.2756,-0.27569,0.21617,-0.34592,-0.40186
0,0.5,0.314,0.30103,-0.2528,0.21993,-0.26431,-0.44331
0,0.5,0.3768,0.32554,-0.24483,0.32757,-0.22779,-0.5014
0,0.5,0.4396,0.34323,-0.24241,0.46804,-0.24706,-0.56942
0,0.5,0.5024,0.35759,-0.24034,0.61894,-0.33269,-0.63318
0,0.5,0.5652,0.38926,-0.23845,0.77267,-0.49019,-0.67662
0,0.5,0.628,0.4499,-0.23673,0.92121,-0.69793,-0.68915
0,0.5,0.6908,0.51883,-0.2352,1.0216,-0.86789,-0.66812
0,0.5,0.7536,0.56526,-0.23386,0.85112,-0.85055,-0.61639
0,0.5,0.8164,0.57864,-0.2327,0.39889,-0.61323,-0.53891
0,0.5,0.8792,0.56737,-0.2317,0.32333,-0.38269,-0.44086
0,0.5,0.942,0.54345,-0.23086,0.42533,-0.34056,-0.32712
0,0.5,1.0048,0.51512,-0.23015,0.54689,-0.43525,-0.20244
0,0.5,1.0676,0.48662,-0.22956,0.66331,-0.56249,-0.071527
0,0.5,1.1304,0.45981,-0.22907,0.77135,-0.66989,0.060985
0,0.5,1.1932,0.4353,-0.22866,0.87053,-0.74523,0.19076
0,0.5,1.256,0.41321,-0.22834,0.96087,-0.79179,0.31411
0,0.5,1.3188,0.39341,-0.22807,1.0426,-0.81625,0.42819
0,0.5,1.3816,0.37576,-0.22786,1.116,-0.82472,0.53122
0,0.5,1.4444,0.36006,-0.22769,1.1816,-0.82198,0.62237
0,0.5,1.5072,0.3462,-0.22755,1.2398,-0.81156,0.70163
0,0.5,1.57,0.33404,-0.22745,1.2912,-0.79606,0.76965
0,0.5,1.6328,0.32354,-0.22736,1.3363,-0.77739,0.82742
0,0.5,1.6956,0.31465,-0.22729,1.3757,-0.75694,0.87616
0,0.5,1.7584,0.30742,-0.22723,1.41,-0.73574,0.91713
0,0.5,1.8212,0.30198,-0.22717,1.4395,-0.71452,0.95155
0,0.5,1.884,0.29856,-0.22712,1.4649,-0.69381,0.98051
0,0.5,1.9468,0.29757,-0.22707,1.4866,-0.67395,1.005
0,0.5,2.0096,0.29961,-0.22701,1.5049,-0.6552,1.0259
0,0.5,2.0724,0.30541,-0.22695,1.5203,-0.63768,1.0437
0,0.5,2.1352,0.31542,-0.22687,1.5331,-0.62145,1.0593
0,0.5,2.198,0.32883,-0.22679,1.5435,-0.60655,1.0729
0,0.5,2.2608,0.34198,-0.22668,1.5519,-0.59293,1.0851
0,0.5,2.3236,0.3479,-0.22656,1.5585,-0.58057,1.096
0,0.5,2.3864,0.33748,-0.22642,1.5636,-0.56939,1.106
0,0.5,2.4492,0.30209,-0.22625,1.5672,-0.55931,1.1153
0,0.5,2.512,0.24416,-0.22606,1.5695,-0.55027,1.124
0,0.5,2.5748,0.18827,-0.22584,1.5708,-0.54217,1.1324
0,0.5,2.6376,0.1596,-0.22558,1.5712,-0.53493,1.1404
0,0.5,2.7004,0.16008,-0.22529,1.5707,-0.52848,1.1481
0,0.5,2.7632,0.17898,-0.22496,1.5694,-0.52274,1.1557
0,0.5,2.826,0.20452,-0.22459,1.5675,-0.51764,1.1633
0,0.5,2.8888,0.22676,-0.22417,1.565,-0.51311,1.1707
0,0.5,2.9516,0.24075,-0.2237,1.562,-0.5091,1.1782
0,0.5,3.0144,0.24639,-0.22318,1.5586,-0.50555,1.1856
0,0.5,3.0772,0.2454,-0.22261,1.5547,-0.50241,1.1931
0,0.5,3.14,0.23954,-0.22198,1.5505,-0.49963,1.2006
0,0.6,-3.14,0.23162,-0.23127,-0.44049,-0.35782,-1.3036
0,0.6,-3.0772,0.22386,-0.23127,-0.4147,-0.35779,-1.3027
0,0.6,-3.0144,0.21383,-0.23128,-0.38853,-0.35775,-1.3018
0,0.6,-2.9516,0.20238,-0.23128,-0.362,-0.3577,-1.3007
0,0.6,-2.8888,0.18987,-0.23129,-0.33517,-0.35764,-1.2996
0,0.6,-2.826,0.1763,-0.23129,-0.30804,-0.35758,-1.2984
0,0.6,-2.7632,0.16086,-0.2313,-0.28067,-0.35751,-1.2971
0,0.6,-2.7004,0.13771,-0.2313,-0.25307,-0.35743,-1.2957
0,0.6,-2.6376,0.089339,-0.23131,-0.22528,-0.35734,-1.2942
0,0.6,-2.5748,0.0066917,-0.23132,-0.19733,-0.35724,-1.2925
0,0.6,-2.512,-0.071102,-0.23132,-0.16924,-0.35712,-1.2906
0,0.6,-2.4492,-0.11025,-0.23133,-0.14105,-0.35699,-1.2886
0,0.6,-2.3864,-0.12206,-0.23133,-0.11277,-0.35683,-1.2862
0,0.6,-2.3236,-0.11747,-0.23133,-0.084443,-0.35666,-1.2836
0,0.6,-2.2608,-0.10081,-0.23134,-0.056076,-0.35646,-1.2805
0,0.6,-2.198,-0.077188,-0.23134,-0.027692,-0.35623,-1.2769
0,0.6,-2.1352,-0.051548,-0.23135,0.00069208,-0.35597,-1.2725
0,0.6,-2.0724,-0.027052,-0.23135,0.029064,-0.35567,-1.267
0,0.6,-2.0096,-0.0051438,-0.23135,0.057416,-0.35534,-1.2599
0,0.6,-1.9468,0.013779,-0.23136,0.085742,-0.35496,-1.2507
0,0.6,-1.884,0.029826,-0.23136,0.11404,-0.35453,-1.2384
0,0.6,-1.8212,0.043305,-0.23136,0.14233,-0.35404,-1.2216
0,0.6,-1.7584,0.054571,-0.23137,0.17061,-0.35352,-1.1984
0,0.6,-1.6956,0.063965,-0.23138,0.1989,-0.35295,-1.1662
0,0.6,-1.6328,0.07179,-0.2314,0.22724,-0.35237,-1.1213
0,0.6,-1.57,0.078304,-0.23143,0.25567,-0.35183,-1.0593
0,0.6,-1.5072,0.083729,-0.23147,0.28422,-0.35143,-0.97508
0,0.6,-1.4444,0.088255,-0.23154,0.31297,-0.35133,-0.86418
0,0.6,-1.3816,0.092069,-0.23165,0.34199,-0.35181,-0.72468
0,0.6,-1.3188,0.095375,-0.23181,0.37136,-0.35336,-0.56081
0,0.6,-1.256,0.098462,-0.23205,0.4012,-0.35673,-0.38673
0,0.6,-1.1932,0.10181,-0.2324,0.43163,-0.36309,-0.22863
0,0.6,-1.1304,0.10626,-0.2329,0.46278,-0.37409,-0.12199
0,0.6,-1.0676,0.11335,-0.23361,0.49478,-0.39179,-0.10212
0,0.6,-1.0048,0.12572,-0.23461,0.52762,-0.41796,-0.18659
0,0.6,-0.942,0.1473,-0.23599,0.56036,-0.45192,-0.34608
0,0.6,-0.8792,0.18254,-0.23786,0.58699,-0.48569,-0.46165
0,0.6,-0.8164,0.2335,-0.24032,0.57887,-0.49801,-0.32263
0,0.6,-0.7536,0.29559,-0.24349,0.47574,-0.46098,0.14487
0,0.6,-0.6908,0.35519,-0.24743,0.35837,-0.3769,0.59282
0,0.6,-0.628,0.39052,-0.25213,0.33939,-0.28895,0.69845
0,0.6,-0.5652,0.3769,-0.25746,0.35761,-0.2146,0.54589
0,0.6,-0.5024,0.31319,-0.26318,0.35502,-0.12991,0.31923
0,0.6,-0.4396,0.24408,-0.26894,0.26343,-0.017155,0.11383
0,0.6,-0.3768,0.19899,-0.27434,-0.026561,0.11542,-0.044454
0,0.6,-0.314,0.17274,-0.27901,-0.47008,0.24801,-0.15769
0,0.6,-0.2512,0.16472,-0.28272,-0.56655,0.37213,-0.23516
0,0.6,-0.1884,0.17014,-0.28531,-0.40761,0.47975,-0.28616
0,0.6,-0.1256,0.18084,-0.28679,-0.31539,0.49637,-0.31834
0,0.6,-0.0628,0.19275,-0.28726,-0.14333,0.26688,-0.33767
0,0.6,-4.4409e-16,0.2051,-0.28684,0.23349,-0.17966,-0.34902
0,0.6,0.0628,0.21842,-0.28573,0.7596,-0.49161,-0.35675
0,0.6,0.1256,0.23361,-0.28408,0.86289,-0.5365,-0.36531
0,0.6,0.1884,0.25149,-0.28203,0.45655,-0.44886,-0.37967
0,0.6,0.2512,0.27226,-0.27911,0.21355,-0.34119,-0.40526
0,0.6,0.314,0.2946,-0.2651,0.21885,-0.26049,-0.44664
0,0.6,0.3768,0.31483,-0.24616,0.32696,-0.22446,-0.50445
0,0.6,0.4396,0.32957,-0.24248,0.46755,-0.24367,-0.5719
0,0.6,0.5024,0.34541,-0.24027,0.61845,-0.32863,-0.63476
0,0.6,0.5652,0.38033,-0.23827,0.77214,-0.48518,-0.67706
0,0.6,0.628,0.44052,-0.23647,0.92091,-0.69311,-0.68833
0,0.6,0.6908,0.50558,-0.23485,1.0239,-0.86715,-0.66609
0,0.6,0.7536,0.54908,-0.23343,0.8648,-0.85833,-0.61328
0,0.6,0.8164,0.56244,-0.2322,0.40907,-0.62633,-0.53497
0,0.6,0.8792,0.55307,-0.23114,0.32367,-0.39215,-0.43638
0,0.6,0.942,0.53158,-0.23024,0.4236,-0.34433,-0.32245
0,0.6,1.0048,0.50547,-0.22947,0.5446,-0.43638,-0.19792
0,0.6,1.0676,0.4788,-0.22884,0.66064,-0.56309,-0.067482
0,0.6,1.1304,0.45343,-0.22831,0.76831,-0.67048,0.064253
0,0.6,1.1932,0.43005,-0.22787,0.86713,-0.74567,0.19302
0,0.6,1.256,0.40886,-0.22751,0.95712,-0.79186,0.3152
0,0.6,1.3188,0.3898,-0.22722,1.0385,-0.81584,0.42805
0,0.6,1.3816,0.37275,-0.22699,1.1116,-0.82382,0.52985
0,0.6,1.4444,0.35757,-0.2268,1.1769,-0.82065,0.61983
0,0.6,1.5072,0.34415,-0.22665,1.2348,-0.80988,0.69804
0,0.6,1.57,0.33239,-0.22654,1.2859,-0.79413,0.76513
0,0.6,1.6328,0.32224,-0.22645,1.3308,-0.7753,0.82213
0,0.6,1.6956,0.31368,-0.22638,1.37,-0.75478,0.87023
0,0.6,1.7584,0.30676,-0.22633,1.4041,-0.73357,0.9107
0,0.6,1.8212,0.30162,-0.22629,1.4335,-0.71239,0.94471
0,0.6,1.884,0.2985,-0.22626,1.4587,-0.69175,0.97337
0,0.6,1.9468,0.29782,-0.22623,1.4803,-0.67201,0.99763
0,0.6,2.0096,0.30018,-0.22621,1.4985,-0.65337,1.0183
0,0.6,2.0724,0.30627,-0.22619,1.5137,-0.63598,1.036
0,0.6,2.1352,0.31653,-0.22616,1.5264,-0.61989,1.0515
0,0.6,2.198,0.33003,-0.22613,1.5368,-0.60511,1.065
0,0.6,2.2608,0.34287,-0.2261,1.5451,-0.59163,1.0771
0,0.6,2.3236,0.34754,-0.22605,1.5517,-0.57939,1.0879
0,0.6,2.3864,0.33456,-0.226,1.5566,-0.56832,1.0978
0,0.6,2.4492,0.29674,-0.22593,1.5602,-0.55835,1.107
0,0.6,2.512,0.23861,-0.22585,1.5626,-0.5494,1.1156
0,0.6,2.5748,0.18312,-0.22575,1.5638,-0.54139,1.1237
0,0.6,2.6376,0.15285,-0.22564,1.5642,-0.53424,1.1315
0,0.6,2.7004,0.15048,-0.2255,1.5636,-0.52786,1.1391
0,0.6,2.7632,0.16661,-0.22534,1.5624,-0.52219,1.1465
0,0.6,2.826,0.19038,-0.22516,1.5605,-0.51715,1.1538
0,0.6,2.8888,0.21255,-0.22494,1.558,-0.51268,1.1611
0,0.6,2.9516,0.22782,-0.2247,1.555,-0.50872,1.1683
0,0.6,3.0144,0.23523,-0.22443,1.5516,-0.50521,1.1755
0,0.6,3.0772,0.23606,-0.22411,1.5477,-0.50211,1.1827
0,0.6,3.14,0.23193,-0.22376,1.5435,-0.49937,1.19
0,0.7,-3.14,0.22085,-0.23123,-0.44336,-0.35782,-1.3039
0,0.7,-3.0772,0.21459,-0.23124,-0.41738,-0.35778,-1.3029
0,0.7,-3.0144,0.2057,-0.23124,-0.39102,-0.35774,-1.302
0,0.7,-2.9516,0.19482,-0.23124,-0.36433,-0.35769,-1.3009
0,0.7,-2.8888,0.18212,-0.23125,-0.33734,-0.35764,-1.2997
0,0.7,-2.826,0.16719,-0.23125,-0.31007,-0.35758,-1.2985
0,0.7,-2.7632,0.14786,-0.23125,-0.28256,-0.3575,-1.2971
0,0.7,-2.7004,0.11639,-0.23125,-0.25484,-0.35742,-1.2956
0,0.7,-2.6376,0.058904,-0.23126,-0.22694,-0.35733,-1.294
0,0.7,-2.5748,-0.021088,-0.23126,-0.19889,-0.35723,-1.2922
0,0.7,-2.512,-0.084315,-0.23126,-0.17072,-0.35711,-1.2902
0,0.7,-2.4492,-0.1117,-0.23126,-0.14245,-0.35697,-1.288
0,0.7,-2.3864,-0.11671,-0.23127,-0.11411,-0.35681,-1.2855
0,0.7,-2.3236,-0.10829,-0.23127,-0.085727,-0.35664,-1.2826
0,0.7,-2.2608,-0.090332,-0.23127,-0.057318,-0.35643,-1.2793
0,0.7,-2.198,-0.067219,-0.23127,-0.028904,-0.3562,-1.2753
0,0.7,-2.1352,-0.04294,-0.23127,-0.00049849,-0.35594,-1.2705
0,0.7,-2.0724,-0.019997,-0.23127,0.027885,-0.35563,-1.2646
0,0.7,-2.0096,0.00047059,-0.23127,0.056237,-0.35529,-1.257
0,0.7,-1.9468,0.018163,-0.23127,0.084555,-0.3549,-1.2471
0,0.7,-1.884,0.033194,-0.23128,0.11284,-0.35446,-1.2339
0,0.7,-1.8212,0.045842,-0.23128,0.1411,-0.35397,-1.2159
0,0.7,-1.7584,0.056429,-0.23129,0.16935,-0.35343,-1.1912
0,0.7,-1.6956,0.065266,-0.2313,0.1976,-0.35286,-1.1569
0,0.7,-1.6328,0.072628,-0.23132,0.2259,-0.35227,-1.1094
0,0.7,-1.57,0.078757,-0.23136,0.25427,-0.35174,-1.0439
0,0.7,-1.5072,0.083856,-0.23142,0.28277,-0.35135,-0.95538
0,0.7,-1.4444,0.088106,-0.23151,0.31145,-0.35128,-0.83943
0,0.7,-1.3816,0.091681,-0.23164,0.34041,-0.35185,-0.69464
0,0.7,-1.3188,0.094775,-0.23184,0.36972,-0.35355,-0.52622
0,0.7,-1.256,0.097656,-0.23213,0.39949,-0.35719,-0.34976
0,0.7,-1.1932,0.10076,-0.23255,0.42985,-0.364,-0.19284
0,0.7,-1.1304,0.10487,-0.23316,0.46094,-0.37571,-0.091636
0,0.7,-1.0676,0.11135,-0.23401,0.49288,-0.39442,-0.080868
0,0.7,-1.0048,0.12252,-0.23518,0.52561,-0.42185,-0.17593
0,0.7,-0.942,0.14184,-0.23679,0.55789,-0.45693,-0.34358
0,0.7,-0.8792,0.17319,-0.23894,0.58223,-0.49065,-0.45941
0,0.7,-0.8164,0.21856,-0.24175,0.56461,-0.5004,-0.31043
0,0.7,-0.7536,0.27426,-0.2453,0.44928,-0.45912,0.16564
0,0.7,-0.6908,0.32882,-0.24965,0.34404,-0.37387,0.60863
0,0.7,-0.628,0.36396,-0.25472,0.33549,-0.28883,0.70642
0,0.7,-0.5652,0.35954,-0.26035,0.35693,-0.21674,0.55098
0,0.7,-0.5024,0.31168,-0.26624,0.35583,-0.13251,0.32384
0,0.7,-0.4396,0.25187,-0.27202,0.26552,-0.020791,0.11773
0,0.7,-0.3768,0.20909,-0.27729,-0.022535,0.10857,-0.04196
0,0.7,-0.314,0.18218,-0.28172,-0.45872,0.23726,-0.1569
0,0.7,-0.2512,0.17013,-0.2851,-0.54564,0.36078,-0.23597
0,0.7,-0.1884,0.17147,-0.28735,-0.39282,0.47322,-0.28832
0,0.7,-0.1256,0.17996,-0.28851,-0.30689,0.49799,-0.32155
0,0.7,-0.0628,0.19109,-0.28869,-0.14091,0.27627,-0.34169
0,0.7,-4.4409e-16,0.20332,-0.28804,0.22626,-0.16719,-0.35365
0,0.7,0.0628,0.21664,-0.28672,0.74256,-0.48097,-0.36182
0,0.7,0.1256,0.23158,-0.2849,0.84798,-0.52845,-0.37067
0,0.7,0.1884,0.24856,-0.28273,0.44982,-0.44271,-0.3852
0,0.7,0.2512,0.26735,-0.28024,0.21114,-0.33641,-0.41085
0,0.7,0.314,0.28636,-0.27476,0.21791,-0.25668,-0.45213
0,0.7,0.3768,0.3027,-0.25203,0.32646,-0.22119,-0.50961
0,0.7,0.4396,0.31575,-0.24298,0.46714,-0.2404,-0.57644
0,0.7,0.5024,0.33407,-0.24043,0.61801,-0.32473,-0.63832
0,0.7,0.5652,0.37216,-0.23833,0.77164,-0.48034,-0.67934
0,0.7,0.628,0.43127,-0.23644,0.92061,-0.68839,-0.68917
0,0.7,0.6908,0.49188,-0.23475,1.026,-0.86632,-0.66545
0,0.7,0.7536,0.53197,-0.23325,0.87817,-0.8659,-0.61128
0,0.7,0.8164,0.54498,-0.23195,0.41964,-0.63941,-0.53182
0,0.7,0.8792,0.53737,-0.23083,0.32414,-0.40175,-0.43238
0,0.7,0.942,0.51832,-0.22987,0.4219,-0.34814,-0.31796
0,0.7,1.0048,0.49456,-0.22905,0.54233,-0.4374,-0.19335
0,0.7,1.0676,0.46986,-0.22837,0.65799,-0.56354,-0.063249
0,0.7,1.1304,0.44607,-0.2278,0.7653,-0.6709,0.067784
0,0.7,1.1932,0.42396,-0.22733,0.86376,-0.74596,0.19556
0,0.7,1.256,0.40379,-0.22693,0.9534,-0.79182,0.31654
0,0.7,1.3188,0.38556,-0.22662,1.0344,-0.81534,0.4281
0,0.7,1.3816,0.3692,-0.22636,1.1072,-0.82285,0.5286
0,0.7,1.4444,0.35462,-0.22615,1.1722,-0.81925,0.61735
0,0.7,1.5072,0.34171,-0.22598,1.2298,-0.80816,0.69446
0,0.7,1.57,0.3304,-0.22585,1.2807,-0.79217,0.76058
0,0.7,1.6328,0.32066,-0.22575,1.3254,-0.7732,0.81677
0,0.7,1.6956,0.31247,-0.22568,1.3644,-0.75261,0.86422
0,0.7,1.7584,0.3059,-0.22562,1.3982,-0.7314,0.90416
0,0.7,1.8212,0.3011,-0.22557,1.4275,-0.71026,0.93777
0,0.7,1.884,0.29832,-0.22554,1.4526,-0.68971,0.96613
0,0.7,1.9468,0.29799,-0.22552,1.474,-0.67007,0.99016
0,0.7,2.0096,0.30069,-0.22551,1.4921,-0.65155,1.0107
0,0.7,2.0724,0.30712,-0.2255,1.5072,-0.63429,1.0283
0,0.7,2.1352,0.31765,-0.22549,1.5198,-0.61833,1.0436
0,0.7,2.198,0.33131,-0.22549,1.5301,-0.60369,1.0571
0,0.7,2.2608,0.34404,-0.22548,1.5384,-0.59033,1.0691
0,0.7,2.3236,0.34781,-0.22547,1.5449,-0.57821,1.0799
0,0.7,2.3864,0.33269,-0.22546,1.5498,-0.56726,1.0898
0,0.7,2.4492,0.29254,-0.22544,1.5533,-0.5574,1.0989
0,0.7,2.512,0.23378,-0.22541,1.5556,-0.54855,1.1074
0,0.7,2.5748,0.17815,-0.22538,1.5569,-0.54063,1.1154
0,0.7,2.6376,0.14596,-0.22534,1.5572,-0.53356,1.1231
0,0.7,2.7004,0.14031,-0.22528,1.5567,-0.52726,1.1305
0,0.7,2.7632,0.15307,-0.22522,1.5554,-0.52165,1.1377
0,0.7,2.826,0.17431,-0.22514,1.5535,-0.51667,1.1448
0,0.7,2.8888,0.19566,-0.22504,1.551,-0.51226,1.1519
0,0.7,2.9516,0.21173,-0.22493,1.548,-0.50834,1.1588
0,0.7,3.0144,0.22079,-0.2248,1.5446,-0.50488,1.1658
0,0.7,3.0772,0.22345,-0.22464,1.5408,-0.50182,1.1728
0,0.7,3.14,0.22108,-0.22447,1.5366,-0.49911,1.1799
0,0.8,-3.14,0.20625,-0.23121,-0.44612,-0.35782,-1.3036
0,0.8,-3.0772,0.20133,-0.23121,-0.41995,-0.35778,-1.3026
0,0.8,-3.0144,0.19328,-0.23121,-0.39342,-0.35774,-1.3015
0,0.8,-2.9516,0.18255,-0.23122,-0.36656,-0.35769,-1.3004
0,0.8,-2.8888,0.16905,-0.23122,-0.33941,-0.35763,-1.2991
0,0.8,-2.826,0.15173,-0.23122,-0.31201,-0.35757,-1.2977
0,0.8,-2.7632,0.12722,-0.23122,-0.28437,-0.3575,-1.2961
0,0.8,-2.7004,0.087504,-0.23122,-0.25653,-0.35741,-1.2944
0,0.8,-2.6376,0.024686,-0.23122,-0.22852,-0.35732,-1.2926
0,0.8,-2.5748,-0.047491,-0.23122,-0.20038,-0.35721,-1.2906
0,0.8,-2.512,-0.095068,-0.23122,-0.17212,-0.35709,-1.2883
0,0.8,-2.4492,-0.11137,-0.23123,-0.14378,-0.35695,-1.2858
0,0.8,-2.3864,-0.10997,-0.23123,-0.11538,-0.35679,-1.283
0,0.8,-2.3236,-0.098057,-0.23123,-0.086948,-0.35661,-1.2797
0,0.8,-2.2608,-0.079085,-0.23123,-0.058501,-0.35641,-1.276
0,0.8,-2.198,-0.056639,-0.23123,-0.030058,-0.35617,-1.2716
0,0.8,-2.1352,-0.033802,-0.23122,-0.0016359,-0.3559,-1.2663
0,0.8,-2.0724,-0.012473,-0.23122,0.026754,-0.3556,-1.2597
0,0.8,-2.0096,0.0064992,-0.23122,0.055105,-0.35525,-1.2515
0,0.8,-1.9468,0.022907,-0.23123,0.083412,-0.35485,-1.2408
0,0.8,-1.884,0.036871,-0.23123,0.11168,-0.3544,-1.2266
0,0.8,-1.8212,0.048642,-0.23123,0.13991,-0.3539,-1.2074
0,0.8,-1.7584,0.058512,-0.23124,0.16812,-0.35335,-1.1811
0,0.8,-1.6956,0.066757,-0.23126,0.19633,-0.35277,-1.1448
0,0.8,-1.6328,0.073631,-0.23129,0.22458,-0.35218,-1.0945
0,0.8,-1.57,0.079351,-0.23134,0.25289,-0.35165,-1.0256
0,0.8,-1.5072,0.084106,-0.23141,0.28133,-0.35128,-0.93286
0,0.8,-1.4444,0.088065,-0.23153,0.30996,-0.35126,-0.812
0,0.8,-1.3816,0.091386,-0.23169,0.33885,-0.35192,-0.66221
0,0.8,-1.3188,0.09425,-0.23194,0.36809,-0.3538,-0.48972
0,0.8,-1.256,0.096902,-0.2323,0.39779,-0.35774,-0.31157
0,0.8,-1.1932,0.09974,-0.2328,0.42809,-0.36504,-0.15665
0,0.8,-1.1304,0.10345,-0.23352,0.45911,-0.3775,-0.061713
0,0.8,-1.0676,0.10925,-0.23452,0.49098,-0.39729,-0.060683
0,0.8,-1.0048,0.11916,-0.2359,0.52356,-0.42604,-0.16665
0,0.8,-0.942,0.13613,-0.23776,0.55528,-0.46223,-0.34235
0,0.8,-0.8792,0.16356,-0.24022,0.57676,-0.49577,-0.45797
0,0.8,-0.8164,0.20329,-0.24339,0.5482,-0.50274,-0.29863
0,0.8,-0.7536,0.25258,-0.24734,0.42294,-0.45729,0.18562
0,0.8,-0.6908,0.3021,-0.25208,0.33147,-0.37136,0.62295
0,0.8,-0.628,0.33689,-0.25751,0.33183,-0.28936,0.71236
0,0.8,-0.5652,0.34069,-0.26339,0.35579,-0.21931,0.55344
0,0.8,-0.5024,0.30793,-0.2694,0.3558,-0.13545,0.32531
0,0.8,-0.4396,0.25873,-0.27513,0.26638,-0.024873,0.11829
0,0.8,-0.3768,0.21915,-0.28021,-0.019971,0.10119,-0.042715
0,0.8,-0.314,0.19256,-0.28436,-0.44863,0.22625,-0.15909
0,0.8,-0.2512,0.17758,-0.28741,-0.52569,0.3498,-0.23946
0,0.8,-0.1884,0.1747,-0.28933,-0.3781,0.46755,-0.29286
0,0.8,-0.1256,0.18017,-0.29019,-0.29734,0.50056,-0.3269
0,0.8,-0.0628,0.18977,-0.29011,-0.13687,0.28642,-0.34764
0,0.8,-4.4409e-16,0.20134,-0.28924,0.22071,-0.15417,-0.36004
0,0.8,0.0628,0.21426,-0.28775,0.72681,-0.46997,-0.36852
0,0.8,0.1256,0.22857,-0.28579,0.83378,-0.52019,-0.37758
0,0.8,0.1884,0.24427,-0.28351,0.44352,-0.43643,-0.39223
0,0.8,0.2512,0.26077,-0.28101,0.20902,-0.33157,-0.41789
0,0.8,0.314,0.27654,-0.27789,0.21718,-0.25287,-0.45905
0,0.8,0.3768,0.2899,-0.26494,0.32609,-0.21798,-0.5162
0,0.8,0.4396,0.30275,-0.2448,0.46681,-0.23723,-0.5824
0,0.8,0.5024,0.32431,-0.24078,0.61762,-0.32099,-0.6433
0,0.8,0.5652,0.36501,-0.23856,0.77119,-0.47568,-0.68301
0,0.8,0.628,0.42219,-0.23658,0.92033,-0.68377,-0.69133
0,0.8,0.6908,0.47782,-0.23482,1.0281,-0.86541,-0.66602
0,0.8,0.7536,0.51419,-0.23325,0.89121,-0.87326,-0.61031
0,0.8,0.8164,0.52658,-0.23189,0.43061,-0.65245,-0.52946
0,0.8,0.8792,0.52055,-0.2307,0.32474,-0.41148,-0.4289
0,0.8,0.942,0.50389,-0.22969,0.42023,-0.35197,-0.31371
0,0.8,1.0048,0.48251,-0.22883,0.54008,-0.43832,-0.18877
0,0.8,1.0676,0.45989,-0.2281,0.65536,-0.56382,-0.058794
0,0.8,1.1304,0.4378,-0.22749,0.7623,-0.67117,0.071679
0,0.8,1.1932,0.41707,-0.22698,0.86041,-0.74611,0.19853
0,0.8,1.256,0.39801,-0.22656,0.9497,-0.79165,0.31833
0,0.8,1.3188,0.38071,-0.22621,1.0304,-0.81474,0.42857
0,0.8,1.3816,0.36513,-0.22592,1.1029,-0.8218,0.52771
0,0.8,1.4444,0.3512,-0.22569,1.1675,-0.8178,0.61516
0,0.8,1.5072,0.33886,-0.22551,1.2249,-0.80639,0.69108
0,0.8,1.57,0.32806,-0.22536,1.2755,-0.79019,0.75617
0,0.8,1.6328,0.31876,-0.22524,1.32,-0.77108,0.81149
0,0.8,1.6956,0.31099,-0.22515,1.3588,-0.75044,0.85822
0,0.8,1.7584,0.30481,-0.22508,1.3924,-0.72923,0.89761
0,0.8,1.8212,0.30037,-0.22503,1.4215,-0.70814,0.9308
0,0.8,1.884,0.29795,-0.22499,1.4464,-0.68767,0.95884
0,0.8,1.9468,0.29798,-0.22497,1.4677,-0.66814,0.98264
0,0.8,2.0096,0.30102,-0.22495,1.4857,-0.64975,1.003
0,0.8,2.0724,0.30777,-0.22494,1.5007,-0.63262,1.0205
0,0.8,2.1352,0.31856,-0.22494,1.5132,-0.61679,1.0358
0,0.8,2.198,0.33241,-0.22494,1.5235,-0.60228,1.0492
0,0.8,2.2608,0.34522,-0.22494,1.5317,-0.58905,1.0612
0,0.8,2.3236,0.34856,-0.22494,1.5381,-0.57705,1.072
0,0.8,2.3864,0.33194,-0.22494,1.543,-0.56622,1.0818
0,0.8,2.4492,0.28979,-0.22494,1.5465,-0.55646,1.0909
0,0.8,2.512,0.23003,-0.22494,1.5488,-0.54771,1.0993
0,0.8,2.5748,0.17373,-0.22494,1.55,-0.53988,1.1073
0,0.8,2.6376,0.1393,-0.22493,1.5503,-0.53289,1.1149
0,0.8,2.7004,0.13001,-0.22492,1.5497,-0.52666,1.1222
0,0.8,2.7632,0.13885,-0.2249,1.5485,-0.52112,1.1293
0,0.8,2.826,0.15686,-0.22487,1.5465,-0.5162,1.1363
0,0.8,2.8888,0.1765,-0.22483,1.5441,-0.51184,1.1431
0,0.8,2.9516,0.1926,-0.22479,1.5411,-0.50797,1.1499
0,0.8,3.0144,0.20285,-0.22474,1.5377,-0.50455,1.1566
0,0.8,3.0772,0.20716,-0.22467,1.5339,-0.50153,1.1634
0,0.8,3.14,0.2064,-0.22459,1.5297,-0.49886,1.1702
0,0.9,-3.14,0.18731,-0.2312,-0.44877,-0.35781,-1.3026
0,0.9,-3.0772,0.18337,-0.2312,-0.42241,-0.35778,-1.3014
0,0.9,-3.0144,0.17578,-0.2312,-0.39571,-0.35773,-1.3001
0,0.9,-2.9516,0.16472,-0.2312,-0.36869,-0.35768,-1.2987
0,0.9,-2.8888,0.14975,-0.2312,-0.3414,-0.35763,-1.2972
0,0.9,-2.826,0.12921,-0.2312,-0.31385,-0.35756,-1.2955
0,0.9,-2.7632,0.099062,-0.2312,-0.28608,-0.35749,-1.2937
0,0.9,-2.7004,0.052923,-0.2312,-0.25813,-0.3574,-1.2917
0,0.9,-2.6376,-0.0099322,-0.2312,-0.23002,-0.35731,-1.2895
0,0.9,-2.5748,-0.069731,-0.2312,-0.20178,-0.3572,-1.2871
0,0.9,-2.512,-0.10174,-0.2312,-0.17345,-0.35708,-1.2844
0,0.9,-2.4492,-0.10815,-0.2312,-0.14504,-0.35694,-1.2815
0,0.9,-2.3864,-0.10117,-0.2312,-0.11659,-0.35678,-1.2782
0,0.9,-2.3236,-0.086462,-0.2312,-0.088106,-0.35659,-1.2744
0,0.9,-2.2608,-0.066955,-0.2312,-0.059624,-0.35638,-1.2702
0,0.9,-2.198,-0.045432,-0.2312,-0.031158,-0.35614,-1.2652
0,0.9,-2.1352,-0.024163,-0.2312,-0.0027211,-0.35587,-1.2594
0,0.9,-2.0724,-0.0045157,-0.2312,0.025673,-0.35556,-1.2522
0,0.9,-2.0096,0.012908,-0.2312,0.054018,-0.3552,-1.2433
0,0.9,-1.9468,0.027985,-0.2312,0.082311,-0.3548,-1.2319
0,0.9,-1.884,0.040839,-0.2312,0.11055,-0.35434,-1.2168
0,0.9,-1.8212,0.051697,-0.23121,0.13875,-0.35383,-1.1965
0,0.9,-1.7584,0.060816,-0.23123,0.16693,-0.35328,-1.1688
0,0.9,-1.6956,0.068444,-0.23125,0.19509,-0.35269,-1.1306
0,0.9,-1.6328,0.074808,-0.23129,0.22329,-0.3521,-1.0779
0,0.9,-1.57,0.080103,-0.23135,0.25155,-0.35157,-1.0058
0,0.9,-1.5072,0.084503,-0.23145,0.27993,-0.35122,-0.90906
0,0.9,-1.4444,0.088159,-0.23159,0.30849,-0.35126,-0.78359
0,0.9,-1.3816,0.091218,-0.2318,0.33731,-0.35203,-0.62918
0,0.9,-1.3188,0.093843,-0.2321,0.36648,-0.3541,-0.45317
0,0.9,-1.256,0.096258,-0.23252,0.39612,-0.35837,-0.27401
0,0.9,-1.1932,0.098813,-0.23313,0.42634,-0.3662,-0.12186
0,0.9,-1.1304,0.10212,-0.23398,0.4573,-0.37948,-0.033865
0,0.9,-1.0676,0.10722,-0.23516,0.48908,-0.40041,-0.043004
0,0.9,-1.0048,0.11583,-0.23676,0.52149,-0.43053,-0.15993
0,0.9,-0.942,0.13048,-0.23889,0.55249,-0.46782,-0.34331
0,0.9,-0.8792,0.15404,-0.24169,0.57043,-0.50103,-0.45801
0,0.9,-0.8164,0.18825,-0.24523,0.52956,-0.50499,-0.28775
0,0.9,-0.7536,0.23122,-0.24958,0.39738,-0.4555,0.20441
0,0.9,-0.6908,0.27566,-0.25471,0.32055,-0.36939,0.63548
0,0.9,-0.628,0.30968,-0.26045,0.3284,-0.29052,0.71611
0,0.9,-0.5652,0.32027,-0.26653,0.35432,-0.22228,0.55331
0,0.9,-0.5024,0.30118,-0.27258,0.3551,-0.13872,0.32391
0,0.9,-0.4396,0.26359,-0.27821,0.26625,-0.029424,0.11596
0,0.9,-0.3768,0.22843,-0.28306,-0.018711,0.093283,-0.046129
0,0.9,-0.314,0.20304,-0.2869,-0.43989,0.21503,-0.16361
0,0.9,-0.2512,0.1866,-0.28962,-0.50712,0.33922,-0.24493
0,0.9,-0.1884,0.18011,-0.29123,-0.36408,0.46278,-0.29908
0,0.9,-0.1256,0.18212,-0.29181,-0.28729,0.50407,-0.33367
0,0.9,-0.0628,0.18942,-0.29149,-0.13142,0.2973,-0.35482
0,0.9,-4.4409e-16,0.1996,-0.29044,0.21691,-0.14063,-0.36752
0,0.9,0.0628,0.21152,-0.2888,0.71257,-0.45861,-0.37622
0,0.9,0.1256,0.22471,-0.28672,0.82051,-0.5117,-0.38542
0,0.9,0.1884,0.23875,-0.28434,0.4378,-0.43004,-0.40013
0,0.9,0.2512,0.25284,-0.28177,0.20732,-0.32669,-0.42579
0,0.9,0.314,0.26582,-0.27903,0.21673,-0.24907,-0.46683
0,0.9,0.3768,0.27749,-0.27385,0.3259,-0.21483,-0.52369
0,0.9,0.4396,0.29157,-0.25161,0.4666,-0.23418,-0.5893
0,0.9,0.5024,0.3166,-0.24151,0.61731,-0.3174,-0.64925
0,0.9,0.5652,0.35896,-0.23891,0.77078,-0.47118,-0.6877
0,0.9,0.628,0.41322,-0.23685,0.92006,-0.67926,-0.69452
0,0.9,0.6908,0.46349,-0.23501,1.03,-0.86441,-0.66762
0,0.9,0.7536,0.49599,-0.23338,0.90392,-0.88039,-0.6103
0,0.9,0.8164,0.50755,-0.23195,0.44198,-0.66545,-0.52794
0,0.9,0.8792,0.50289,-0.23071,0.32548,-0.42133,-0.42606
0,0.9,0.942,0.48852,-0.22965,0.41859,-0.35583,-0.30988
0,0.9,1.0048,0.4695,-0.22874,0.53785,-0.43914,-0.18436
0,0.9,1.0676,0.44899,-0.22797,0.65274,-0.56394,-0.054263
0,0.9,1.1304,0.42868,-0.22732,0.75932,-0.67127,0.075855
0,0.9,1.1932,0.40941,-0.22678,0.85708,-0.74611,0.20193
0,0.9,1.256,0.39156,-0.22633,0.94603,-0.79136,0.32063
0,0.9,1.3188,0.37526,-0.22595,1.0264,-0.81404,0.42957
0,0.9,1.3816,0.36052,-0.22564,1.0985,-0.82067,0.52733
0,0.9,1.4444,0.34732,-0.22539,1.1629,-0.8163,0.61341
0,0.9,1.5072,0.33561,-0.22519,1.22,-0.80459,0.68807
0,0.9,1.57,0.32535,-0.22502,1.2704,-0.78818,0.75204
0,0.9,1.6328,0.31655,-0.22489,1.3146,-0.76895,0.80641
0,0.9,1.6956,0.30922,-0.22478,1.3532,-0.74826,0.85237
0,0.9,1.7584,0.30344,-0.2247,1.3867,-0.72706,0.89113
0,0.9,1.8212,0.29939,-0.22464,1.4156,-0.70603,0.92385
0,0.9,1.884,0.29733,-0.22459,1.4403,-0.68565,0.95154
0,0.9,1.9468,0.29769,-0.22455,1.4615,-0.66623,0.9751
0,0.9,2.0096,0.30105,-0.22453,1.4793,-0.64796,0.99528
0,0.9,2.0724,0.30804,-0.22451,1.4943,-0.63096,1.0127
0,0.9,2.1352,0.319,-0.2245,1.5067,-0.61527,1.0279
0,0.9,2.198,0.333,-0.2245,1.5169,-0.60089,1.0414
0,0.9,2.2608,0.346,-0.2245,1.525,-0.58778,1.0533
0,0.9,2.3236,0.34944,-0.22451,1.5314,-0.57591,1.0641
0,0.9,2.3864,0.33217,-0.22451,1.5362,-0.56518,1.0739
0,0.9,2.4492,0.28864,-0.22452,1.5397,-0.55553,1.083
0,0.9,2.512,0.22772,-0.22452,1.5419,-0.54688,1.0915
