0,0,-3.14,0.23277,0.22611,0.16749,0.18176,-0.25474,-0.058884,-0.044393,0.1645
0,0,-3.0772,0.2174,0.2175,0.1788,0.19198,-0.25507,-0.058884,-0.044401,0.16392
0,0,-3.0144,0.20187,0.20792,0.1871,0.20143,-0.2554,-0.058884,-0.044413,0.16327
0,0,-2.9516,0.18723,0.19829,0.19053,0.21015,-0.25572,-0.058885,-0.044434,0.16253
0,0,-2.8888,0.17361,0.19014,0.18653,0.21935,-0.25604,-0.058885,-0.044484,0.16169
0,0,-2.826,0.15948,0.18663,0.17042,0.23245,-0.25635,-0.058885,-0.044624,0.16075
0,0,-2.7632,0.14356,0.19855,0.13151,0.25229,-0.25666,-0.058885,-0.045056,0.15967
0,0,-2.7004,0.13558,0.2513,0.062103,0.25527,-0.25696,-0.058885,-0.046396,0.15847
0,0,-2.6376,0.14739,0.32379,0.029399,0.1803,-0.25725,-0.058885,-0.050138,0.1571
0,0,-2.5748,0.10822,0.29756,0.13359,0.13555,-0.25754,-0.058886,-0.057819,0.15556
0,0,-2.512,-0.029079,0.20463,0.26407,0.32708,-0.25781,-0.058886,-0.066787,0.15382
0,0,-2.4492,-0.13747,0.18637,0.26271,0.56807,-0.25807,-0.058887,-0.072348,0.15185
0,0,-2.3864,-0.17787,0.20401,0.20884,0.67731,-0.25832,-0.058887,-0.074607,0.14962
0,0,-2.3236,-0.18181,0.20554,0.17756,0.69461,-0.25856,-0.058888,-0.075405,0.14708
0,0,-2.2608,-0.16209,0.19229,0.17445,0.66529,-0.25877,-0.058889,-0.075724,0.14418
0,0,-2.198,-0.12919,0.17488,0.18729,0.61666,-0.25897,-0.058891,-0.075912,0.14083
0,0,-2.1352,-0.092894,0.15823,0.20629,0.56487,-0.25915,-0.058893,-0.076081,0.13693
0,0,-2.0724,-0.05886,0.14305,0.2267,0.51729,-0.2593,-0.058896,-0.076267,0.13231
0,0,-2.0096,-0.029195,0.12876,0.24681,0.47608,-0.25943,-0.058899,-0.076489,0.12676
0,0,-1.9468,-0.0041749,0.11469,0.26624,0.44119,-0.25952,-0.058904,-0.076755,0.12003
0,0,-1.884,0.01664,0.10039,0.28509,0.41178,-0.25959,-0.05891,-0.077076,0.11191
0,0,-1.8212,0.033875,0.085542,0.30359,0.38693,-0.25961,-0.058919,-0.077462,0.10234
0,0,-1.7584,0.048138,0.069977,0.32202,0.36575,-0.2596,-0.058929,-0.077926,0.091573
0,0,-1.6956,0.059952,0.05357,0.3406,0.34752,-0.25954,-0.058944,-0.078481,0.08021
0,0,-1.6328,0.069747,0.036222,0.35959,0.33163,-0.25943,-0.058962,-0.079143,0.06895
0,0,-1.57,0.077867,0.017839,0.3792,0.31756,-0.25927,-0.058987,-0.079929,0.058301
0,0,-1.5072,0.084583,-0.0016812,0.39968,0.30488,-0.25905,-0.059018,-0.080858,0.048451
0,0,-1.4444,0.090112,-0.02246,0.42128,0.29315,-0.25876,-0.059057,-0.081949,0.039355
0,0,-1.3816,0.094644,-0.044643,0.44426,0.28194,-0.25841,-0.0591,-0.083221,0.030896
0,0,-1.3188,0.09838,-0.06841,0.4689,0.27074,-0.25798,-0.059124,-0.084692,0.022991
0,0,-1.256,0.10161,-0.09398,0.49551,0.25888,-0.25748,-0.059053,-0.086376,0.015633
0,0,-1.1932,0.10485,-0.12163,0.52429,0.24543,-0.2569,-0.058638,-0.088279,0.0088858
0,0,-1.1304,0.10915,-0.15174,0.55532,0.22896,-0.25624,-0.057325,-0.090395,0.0028718
0,0,-1.0676,0.11661,-0.18487,0.5883,0.20727,-0.25551,-0.054767,-0.092703,-0.0022534
0,0,-1.0048,0.13119,-0.22198,0.62242,0.1772,-0.25471,-0.052241,-0.095155,-0.0063213
0,0,-0.942,0.15933,-0.26481,0.65656,0.13492,-0.25388,-0.051103,-0.097675,-0.0091725
0,0,-0.8792,0.20866,-0.31631,0.69076,0.077744,-0.25304,-0.051071,-0.10015,-0.010677
0,0,-0.8164,0.28244,-0.38049,0.72938,0.0077874,-0.25226,-0.051607,-0.10242,-0.010755
0,0,-0.7536,0.37245,-0.46059,0.78154,-0.066211,-0.25163,-0.052491,-0.1043,-0.0093865
0,0,-0.6908,0.45827,-0.55201,0.85039,-0.13099,-0.25128,-0.053692,-0.10557,-0.0066288
0,0,-0.628,0.5053,-0.61545,0.90079,-0.16396,-0.25139,-0.055247,-0.106,-0.0026133
0,0,-0.5652,0.45786,-0.5293,0.8144,-0.12094,-0.2522,-0.057217,-0.1054,0.0024574
0,0,-0.5024,0.32291,-0.24436,0.54903,-0.00063893,-0.25395,-0.059661,-0.10368,0.008323
0,0,-0.4396,0.21768,-0.016714,0.35557,0.10372,-0.2568,-0.062621,-0.10084,0.014685
0,0,-0.3768,0.16367,0.062047,0.30754,0.17035,-0.26071,-0.06611,-0.097044,0.021232
0,0,-0.314,0.14442,0.093692,0.29008,0.20866,-0.26536,-0.070089,-0.092588,0.02766
0,0,-0.2512,0.15184,0.1243,0.26255,0.2202,-0.27013,-0.074471,-0.087876,0.033699
0,0,-0.1884,0.16759,0.151,0.23766,0.21894,-0.27433,-0.079126,-0.083343,0.039125
0,0,-0.1256,0.18229,0.17176,0.21944,0.21385,-0.27745,-0.083897,-0.079379,0.043773
0,0,-0.0628,0.19498,0.18793,0.20524,0.20699,-0.27929,-0.088623,-0.076267,0.047542
0,0,-4.4409e-16,0.20694,0.20075,0.19236,0.1983,-0.27993,-0.093164,-0.074153,0.050386
0,0,0.0628,0.21968,0.21087,0.17901,0.18734,-0.27955,-0.097407,-0.07304,0.052316
0,0,0.1256,0.23487,0.21869,0.16397,0.17347,-0.27811,-0.10127,-0.072726,0.053379
0,0,0.1884,0.25456,0.22427,0.1465,0.15576,-0.27377,-0.10471,-0.071788,0.053658
0,0,0.2512,0.281,0.2267,0.12678,0.13315,-0.26227,-0.10771,-0.063085,0.05325
0,0,0.314,0.31551,0.22298,0.10699,0.10504,-0.25299,-0.11028,-0.054542,0.052266
0,0,0.3768,0.35516,0.20865,0.09199,0.072663,-0.24943,-0.11243,-0.054691,0.050815
0,0,0.4396,0.38786,0.18444,0.085697,0.041282,-0.24716,-0.11421,-0.056369,0.049004
0,0,0.5024,0.40354,0.16484,0.082465,0.01629,-0.24511,-0.11567,-0.058154,0.046928
0,0,0.5652,0.4296,0.15558,0.079106,-0.012913,-0.24315,-0.11684,-0.059868,0.044672
0,0,0.628,0.4956,0.13527,0.095151,-0.057917,-0.24129,-0.11778,-0.061458,0.042304
0,0,0.6908,0.57448,0.10367,0.13618,-0.10303,-0.23954,-0.11853,-0.062901,0.039874
0,0,0.7536,0.62353,0.084982,0.17926,-0.12724,-0.23791,-0.11912,-0.064188,0.037412
0,0,0.8164,0.63088,0.090492,0.20499,-0.12786,-0.23641,-0.11958,-0.06532,0.034913
0,0,0.8792,0.60996,0.11313,0.21207,-0.11432,-0.23502,-0.11994,-0.066305,0.032326
0,0,0.942,0.5768,0.14252,0.20722,-0.095351,-0.23342,-0.12023,-0.067154,0.029525
0,0,1.0048,0.54105,0.17242,0.19642,-0.075519,-0.22644,-0.12044,-0.067881,0.026275
0,0,1.0676,0.50695,0.20041,0.183,-0.056543,-0.20962,-0.12061,-0.068498,0.022224
0,0,1.1304,0.47596,0.22604,0.16847,-0.03887,-0.20585,-0.12075,-0.06902,0.017025
0,0,1.1932,0.4483,0.24961,0.15335,-0.022467,-0.20492,-0.12085,-0.069444,0.010672
0,0,1.256,0.42376,0.27164,0.13771,-0.0071608,-0.20423,-0.12093,-0.069504,0.003844
0,0,1.3188,0.402,0.29266,0.1214,0.0072456,-0.20364,-0.12099,-0.064191,-0.002353
0,0,1.3816,0.38273,0.31314,0.10418,0.02093,-0.20315,-0.12104,-0.019604,-0.0071771
0,0,1.4444,0.36569,0.33351,0.085723,0.03404,-0.20274,-0.12107,0.011939,-0.010586
0,0,1.5072,0.35065,0.35418,0.065679,0.046697,-0.2024,-0.1211,0.014482,-0.012924
0,0,1.57,0.33749,0.37554,0.043618,0.058996,-0.20213,-0.12112,0.014479,-0.014565
0,0,1.6328,0.32611,0.39799,0.019031,0.071016,-0.20193,-0.12114,0.014366,-0.015778
0,0,1.6956,0.31647,0.42191,-0.0086844,0.08282,-0.20179,-0.12115,0.014267,-0.016727
0,0,1.7584,0.30859,0.44762,-0.04021,0.094448,-0.20171,-0.12116,0.014185,-0.017504
0,0,1.8212,0.30261,0.47522,-0.07623,0.10589,-0.20167,-0.12117,0.014118,-0.018162
0,0,1.884,0.29877,0.50426,-0.11716,0.11698,-0.20168,-0.12118,0.014063,-0.018731
0,0,1.9468,0.29751,0.53287,-0.16243,0.12722,-0.20172,-0.12118,0.014018,-0.01923
0,0,2.0096,0.29949,0.55618,-0.20868,0.13521,-0.20181,-0.12118,0.013981,-0.019669
0,0,2.0724,0.30558,0.56336,-0.24616,0.13768,-0.20192,-0.12119,0.013951,-0.020058
0,0,2.1352,0.31649,0.53519,-0.25372,0.12818,-0.20207,-0.12119,0.013926,-0.020402
0,0,2.198,0.33157,0.45074,-0.20141,0.098046,-0.20224,-0.12119,0.013906,-0.020707
0,0,2.2608,0.34766,0.31415,-0.078301,0.044443,-0.20244,-0.12119,0.013889,-0.020978
0,0,2.3236,0.35982,0.17169,0.075186,-0.01968,-0.20266,-0.12119,0.013876,-0.021218
0,0,2.3864,0.36106,0.071897,0.1971,-0.069414,-0.2029,-0.12119,0.013865,-0.02143
0,0,2.4492,0.33629,0.030999,0.25323,-0.07178,-0.20315,-0.12119,0.013856,-0.021618
0,0,2.512,0.27394,0.047295,0.2418,0.0014228,-0.20342,-0.12119,0.013849,-0.021784
0,0,2.5748,0.20859,0.097597,0.19903,0.10695,-0.2037,-0.12118,0.013843,-0.02193
0,0,2.6376,0.18173,0.14711,0.16458,0.17071,-0.20399,-0.12117,0.013838,-0.02206
0,0,2.7004,0.18862,0.18568,0.14255,0.18595,-0.2043,-0.12115,0.013835,-0.022174
0,0,2.7632,0.21202,0.21495,0.12776,0.17528,-0.20461,-0.12113,0.013831,-0.022275
0,0,2.826,0.23719,0.23323,0.12101,0.16011,-0.20493,-0.12109,0.013829,-0.022364
0,0,2.8888,0.25378,0.24066,0.12286,0.15294,-0.20526,-0.12102,0.013827,-0.022442
0,0,2.9516,0.25956,0.24142,0.13055,0.15442,-0.2056,-0.12092,0.013825,-0.022511
0,0,3.0144,0.25644,0.23863,0.14153,0.16126,-0.20594,-0.12075,0.013824,-0.022571
0,0,3.0772,0.24696,0.23352,0.15412,0.17079,-0.20628,-0.12049,0.013823,-0.022624
0,0,3.14,0.23351,0.22651,0.16687,0.18123,-0.20663,-0.12006,0.013822,-0.022671
0,0.1,-3.14,0.2396,0.23256,0.15856,0.17741,-0.25303,-0.058884,-0.044388,0.16449
0,0.1,-3.0772,0.22508,0.22489,0.16891,0.18677,-0.25335,-0.058884,-0.044395,0.16391
0,0.1,-3.0144,0.20991,0.21618,0.17675,0.19541,-0.25367,-0.058884,-0.044402,0.16326
0,0.1,-2.9516,0.19518,0.20724,0.18031,0.20337,-0.25399,-0.058885,-0.044412,0.16251
0,0.1,-2.8888,0.18122,0.19952,0.17697,0.21174,-0.2543,-0.058885,-0.044424,0.16167
0,0.1,-2.826,0.16713,0.19632,0.16203,0.22333,-0.25461,-0.058885,-0.04444,0.16071
0,0.1,-2.7632,0.15261,0.20782,0.12613,0.23911,-0.25491,-0.058885,-0.044465,0.15962
0,0.1,-2.7004,0.14582,0.25378,0.066241,0.23678,-0.25521,-0.058885,-0.044509,0.15838
0,0.1,-2.6376,0.15,0.30768,0.044065,0.17423,-0.2555,-0.058886,-0.044613,0.15696
0,0.1,-2.5748,0.10241,0.26906,0.13838,0.15717,-0.25578,-0.058886,-0.044903,0.15533
0,0.1,-2.512,-0.024404,0.18018,0.24927,0.34499,-0.25605,-0.058887,-0.045786,0.15345
0,0.1,-2.4492,-0.12203,0.1674,0.24754,0.56592,-0.25631,-0.058888,-0.048371,0.15125
0,0.1,-2.3864,-0.16104,0.18918,0.20056,0.66863,-0.25656,-0.058889,-0.05452,0.14864
0,0.1,-2.3236,-0.16724,0.19484,0.17374,0.68652,-0.25679,-0.058891,-0.063683,0.14549
0,0.1,-2.2608,-0.15084,0.18492,0.17279,0.6597,-0.25701,-0.058893,-0.070881,0.14162
0,0.1,-2.198,-0.12106,0.16975,0.18663,0.61349,-0.25721,-0.058897,-0.07424,0.1368
0,0.1,-2.1352,-0.087183,0.15449,0.20612,0.56345,-0.25739,-0.058901,-0.075493,0.13076
0,0.1,-2.0724,-0.054868,0.14017,0.22675,0.51697,-0.25754,-0.058907,-0.076001,0.12333
0,0.1,-2.0096,-0.026405,0.12644,0.24693,0.47645,-0.25767,-0.058916,-0.0763,0.11455
0,0.1,-1.9468,-0.0022341,0.11276,0.26634,0.44197,-0.25778,-0.058927,-0.076566,0.10481
0,0.1,-1.884,0.017963,0.098732,0.28511,0.41281,-0.25785,-0.058943,-0.07686,0.094753
0,0.1,-1.8212,0.034736,0.08411,0.30349,0.3881,-0.25789,-0.058965,-0.077206,0.08499
0,0.1,-1.7584,0.048644,0.06873,0.32175,0.36699,-0.25788,-0.058994,-0.07762,0.075847
0,0.1,-1.6956,0.060181,0.052481,0.34016,0.34878,-0.25784,-0.059035,-0.078115,0.067333
0,0.1,-1.6328,0.069759,0.035269,0.35894,0.33287,-0.25775,-0.05909,-0.078707,0.059288
0,0.1,-1.57,0.077713,0.017001,0.37834,0.31876,-0.25761,-0.059166,-0.079413,0.051521
0,0.1,-1.5072,0.084311,-0.0024265,0.39858,0.30601,-0.25741,-0.05927,-0.080249,0.043898
0,0.1,-1.4444,0.089774,-0.02314,0.41991,0.29418,-0.25715,-0.059409,-0.081235,0.036357
0,0.1,-1.3816,0.094299,-0.045292,0.44258,0.28287,-0.25682,-0.059594,-0.082391,0.028911
0,0.1,-1.3188,0.098099,-0.069072,0.46689,0.27155,-0.25643,-0.059829,-0.083735,0.021634
0,0.1,-1.256,0.10148,-0.094711,0.49308,0.25959,-0.25596,-0.060089,-0.085285,0.014648
0,0.1,-1.1932,0.10499,-0.1225,0.52136,0.24605,-0.25543,-0.060255,-0.087052,0.0081103
0,0.1,-1.1304,0.10967,-0.15284,0.55178,0.22954,-0.25482,-0.059962,-0.089038,0.0022047
0,0.1,-1.0676,0.11763,-0.1863,0.58403,0.20794,-0.25415,-0.058625,-0.091234,-0.0028733
0,0.1,-1.0048,0.13269,-0.22386,0.61733,0.17822,-0.25344,-0.056632,-0.09361,-0.0069303
0,0.1,-0.942,0.16101,-0.2672,0.65066,0.13674,-0.2527,-0.055736,-0.096109,-0.0097914
0,0.1,-0.8792,0.20975,-0.31916,0.68417,0.081032,-0.252,-0.056426,-0.098643,-0.011317
0,0.1,-0.8164,0.28187,-0.38356,0.72196,0.013237,-0.25139,-0.058097,-0.10108,-0.011418
0,0.1,-0.7536,0.36945,-0.46321,0.77225,-0.058024,-0.251,-0.060305,-0.10326,-0.010074
0,0.1,-0.6908,0.45231,-0.55233,0.83672,-0.11914,-0.25098,-0.06283,-0.10497,-0.0073365
0,0.1,-0.628,0.49566,-0.60995,0.87942,-0.14712,-0.25154,-0.065529,-0.10599,-0.0033353
0,0.1,-0.5652,0.44698,-0.51921,0.78937,-0.10179,-0.25291,-0.068278,-0.1061,0.0017284
0,0.1,-0.5024,0.31768,-0.24158,0.53536,0.011875,-0.25532,-0.070973,-0.10513,0.0075952
0,0.1,-0.4396,0.21732,-0.019319,0.35039,0.10892,-0.25884,-0.073544,-0.10303,0.013967
0,0.1,-0.3768,0.16521,0.059681,0.30359,0.17217,-0.26328,-0.075964,-0.099837,0.020531
0,0.1,-0.314,0.1468,0.092173,0.2863,0.20877,-0.26817,-0.078248,-0.095774,0.026984
0,0.1,-0.2512,0.1542,0.12303,0.25946,0.21945,-0.27281,-0.080442,-0.09118,0.033054
0,0.1,-0.1884,0.16942,0.14958,0.23538,0.218,-0.27657,-0.082608,-0.086478,0.038516
0,0.1,-0.1256,0.18362,0.17015,0.21774,0.21296,-0.2791,-0.084812,-0.082095,0.043205
0,0.1,-0.0628,0.19594,0.18617,0.20391,0.20621,-0.28034,-0.087109,-0.07839,0.047015
0,0.1,-4.4409e-16,0.20763,0.19887,0.19129,0.19761,-0.28047,-0.089537,-0.075601,0.049904
0,0.1,0.0628,0.22017,0.2089,0.17817,0.18672,-0.27974,-0.092109,-0.073822,0.051876
0,0.1,0.1256,0.23516,0.21665,0.16335,0.17294,-0.27835,-0.094809,-0.072958,0.052982
0,0.1,0.1884,0.25454,0.22217,0.14613,0.15539,-0.27622,-0.097596,-0.072105,0.053301
0,0.1,0.2512,0.2804,0.22455,0.12673,0.1331,-0.27154,-0.10041,-0.065306,0.052932
0,0.1,0.314,0.31387,0.22086,0.10732,0.10558,-0.25988,-0.10316,-0.054636,0.051984
0,0.1,0.3768,0.35194,0.20689,0.092594,0.074051,-0.25025,-0.10579,-0.053729,0.050568
0,0.1,0.4396,0.38319,0.18346,0.086447,0.043205,-0.24655,-0.10823,-0.055264,0.04879
0,0.1,0.5024,0.39854,0.16401,0.084224,0.017354,-0.24425,-0.11043,-0.05705,0.046747
0,0.1,0.5652,0.42339,0.15389,0.082867,-0.0131,-0.2422,-0.11236,-0.058812,0.044526
0,0.1,0.628,0.48689,0.13393,0.099112,-0.058216,-0.24027,-0.11402,-0.060478,0.042201
0,0.1,0.6908,0.56518,0.10357,0.13859,-0.10327,-0.23847,-0.11542,-0.062012,0.039833
0,0.1,0.7536,0.61571,0.085619,0.18044,-0.12778,-0.23678,-0.11659,-0.063395,0.03747
0,0.1,0.8164,0.62507,0.091149,0.20597,-0.12876,-0.23522,-0.11754,-0.064622,0.035148
0,0.1,0.8792,0.60587,0.11353,0.21346,-0.11541,-0.23378,-0.11831,-0.065698,0.032887
0,0.1,0.942,0.57395,0.14274,0.20913,-0.096495,-0.2323,-0.11893,-0.066631,0.030693
0,0.1,1.0048,0.53902,0.17265,0.19872,-0.07663,-0.22783,-0.11942,-0.067433,0.028545
0,0.1,1.0676,0.50549,0.2008,0.18554,-0.05759,-0.21069,-0.11981,-0.068117,0.02639
0,0.1,1.1304,0.47488,0.22669,0.17112,-0.039846,-0.20456,-0.12011,-0.068697,0.024112
0,0.1,1.1932,0.44749,0.25056,0.15603,-0.023375,-0.20343,-0.12035,-0.069159,0.021504
0,0.1,1.256,0.42315,0.2729,0.14035,-0.0080033,-0.20269,-0.12054,-0.069019,0.018242
0,0.1,1.3188,0.40155,0.29421,0.12396,0.0064682,-0.20206,-0.12069,-0.059814,0.01394
0,0.1,1.3816,0.38241,0.31495,0.10665,0.020218,-0.20153,-0.1208,-0.0082934,0.0084048
0,0.1,1.4444,0.36547,0.33556,0.088113,0.033393,-0.20108,-0.12089,0.013321,0.0020424
0,0.1,1.5072,0.35052,0.35642,0.067999,0.046113,-0.20072,-0.12096,0.014658,-0.0041218
0,0.1,1.57,0.33743,0.37792,0.045897,0.05847,-0.20042,-0.12101,0.014573,-0.0091302
0,0.1,1.6328,0.32609,0.40046,0.021317,0.070538,-0.2002,-0.12105,0.014441,-0.012694
0,0.1,1.6956,0.31647,0.42438,-0.0063131,0.082371,-0.20004,-0.12109,0.014329,-0.015067
0,0.1,1.7584,0.30859,0.44998,-0.037629,0.093997,-0.19993,-0.12111,0.014236,-0.016638
0,0.1,1.8212,0.30257,0.47731,-0.073233,0.10538,-0.19987,-0.12113,0.01416,-0.017719
0,0.1,1.884,0.29864,0.50581,-0.11341,0.11635,-0.19987,-0.12114,0.014097,-0.018507
0,0.1,1.9468,0.29721,0.5335,-0.15738,0.12633,-0.1999,-0.12116,0.014046,-0.019118
0,0.1,2.0096,0.29892,0.55541,-0.20155,0.13391,-0.19997,-0.12116,0.014004,-0.019614
0,0.1,2.0724,0.3046,0.56084,-0.2361,0.13582,-0.20008,-0.12117,0.013969,-0.020032
0,0.1,2.1352,0.31492,0.53151,-0.24072,0.12585,-0.20022,-0.12117,0.013941,-0.020391
0,0.1,2.198,0.32931,0.44835,-0.18796,0.095894,-0.20038,-0.12118,0.013918,-0.020703
0,0.1,2.2608,0.34476,0.31587,-0.068862,0.0435,-0.20058,-0.12118,0.0139,-0.020977
0,0.1,2.3236,0.35617,0.17692,0.078907,-0.01894,-0.20079,-0.12117,0.013884,-0.021218
0,0.1,2.3864,0.35583,0.077628,0.19738,-0.06662,-0.20102,-0.12116,0.013872,-0.021431
0,0.1,2.4492,0.32926,0.035677,0.25267,-0.066461,-0.20128,-0.12115,0.013862,-0.021619
0,0.1,2.512,0.26811,0.050117,0.24255,0.0064175,-0.20154,-0.12112,0.013854,-0.021785
0,0.1,2.5748,0.20565,0.098283,0.2013,0.10927,-0.20182,-0.12108,0.013847,-0.021931
0,0.1,2.6376,0.17952,0.14717,0.16649,0.17272,-0.20212,-0.12102,0.013841,-0.022061
0,0.1,2.7004,0.18623,0.18618,0.14346,0.18853,-0.20242,-0.12091,0.013837,-0.022175
0,0.1,2.7632,0.20988,0.21627,0.12761,0.17764,-0.20274,-0.12075,0.013833,-0.022276
0,0.1,2.826,0.23611,0.23562,0.11954,0.16134,-0.20306,-0.12048,0.01383,-0.022364
0,0.1,2.8888,0.25428,0.24401,0.11989,0.15279,-0.2034,-0.12005,0.013828,-0.022442
0,0.1,2.9516,0.26177,0.24548,0.12606,0.15307,-0.20373,-0.11937,0.013826,-0.022511
0,0.1,3.0144,0.26036,0.24338,0.13549,0.15886,-0.20408,-0.11829,0.013825,-0.022572
0,0.1,3.0772,0.25245,0.23903,0.14658,0.1674,-0.20443,-0.11659,0.013823,-0.022625
0,0.1,3.14,0.24029,0.23291,0.158,0.17692,-0.20478,-0.11397,0.013822,-0.022672
0,0.2,-3.14,0.24388,0.23818,0.15047,0.17392,-0.25136,-0.058885,-0.044385,0.16448
0,0.2,-3.0772,0.23041,0.2314,0.15976,0.18236,-0.25168,-0.058885,-0.044391,0.16389
0,0.2,-3.0144,0.21584,0.22359,0.16694,0.19015,-0.25199,-0.058885,-0.044397,0.16322
0,0.2,-2.9516,0.20132,0.21549,0.17026,0.19731,-0.2523,-0.058886,-0.044405,0.16245
0,0.2,-2.8888,0.18732,0.20859,0.16703,0.20483,-0.25261,-0.058887,-0.044416,0.16157
0,0.2,-2.826,0.17343,0.20633,0.15261,0.21484,-0.25291,-0.058887,-0.044428,0.16055
0,0.2,-2.7632,0.16011,0.21819,0.11925,0.22646,-0.2532,-0.058889,-0.044444,0.15935
0,0.2,-2.7004,0.15356,0.25767,0.069124,0.21905,-0.2535,-0.05889,-0.044463,0.15794
0,0.2,-2.6376,0.14905,0.2923,0.059171,0.16924,-0.25378,-0.058893,-0.044487,0.15624
0,0.2,-2.5748,0.091946,0.2405,0.14729,0.18024,-0.25406,-0.058896,-0.04452,0.15415
0,0.2,-2.512,-0.026363,0.15617,0.24067,0.36706,-0.25432,-0.0589,-0.044569,0.15152
0,0.2,-2.4492,-0.11277,0.14918,0.2362,0.56841,-0.25458,-0.058907,-0.04466,0.14816
0,0.2,-2.3864,-0.14839,0.1743,0.1944,0.66238,-0.25483,-0.058915,-0.044874,0.14381
0,0.2,-2.3236,-0.1548,0.18351,0.17149,0.67888,-0.25506,-0.058927,-0.045472,0.13824
0,0.2,-2.2608,-0.14022,0.17691,0.1724,0.6534,-0.25528,-0.058943,-0.047226,0.13134
0,0.2,-2.198,-0.11275,0.16424,0.18694,0.60918,-0.25548,-0.058965,-0.051832,0.12328
0,0.2,-2.1352,-0.080978,0.15063,0.20661,0.5609,-0.25566,-0.058996,-0.060309,0.11458
0,0.2,-2.0724,-0.050323,0.13736,0.22724,0.51571,-0.25582,-0.059038,-0.068895,0.1059
0,0.2,-2.0096,-0.023102,0.12431,0.24733,0.47608,-0.25595,-0.059096,-0.073692,0.09773
0,0.2,-1.9468,0.00014462,0.11109,0.2666,0.44219,-0.25606,-0.059176,-0.075632,0.09023
0,0.2,-1.884,0.019648,0.0974,0.28521,0.41343,-0.25614,-0.059286,-0.076438,0.083287
0,0.2,-1.8212,0.035888,0.083034,0.3034,0.38897,-0.25619,-0.059436,-0.07691,0.076672
0,0.2,-1.7584,0.049379,0.067863,0.32147,0.36803,-0.2562,-0.059641,-0.077327,0.070162
0,0.2,-1.6956,0.060585,0.051791,0.33965,0.34991,-0.25616,-0.05992,-0.077782,0.063593
0,0.2,-1.6328,0.069899,0.034736,0.35821,0.33404,-0.25609,-0.060296,-0.078316,0.056866
0,0.2,-1.57,0.077642,0.016609,0.37735,0.31993,-0.25596,-0.0608,-0.078948,0.049944
0,0.2,-1.5072,0.08408,-0.0026928,0.39732,0.30713,-0.25578,-0.061467,-0.0797,0.042837
0,0.2,-1.4444,0.089431,-0.023297,0.41834,0.29526,-0.25555,-0.062339,-0.080589,0.0356
0,0.2,-1.3816,0.093898,-0.04536,0.44068,0.28387,-0.25525,-0.063454,-0.081635,0.028324
0,0.2,-1.3188,0.097701,-0.069074,0.46457,0.27249,-0.25489,-0.06484,-0.082859,0.021133
0,0.2,-1.256,0.10116,-0.094678,0.49028,0.26047,-0.25446,-0.066494,-0.084278,0.014181
0,0.2,-1.1932,0.10481,-0.12247,0.51798,0.24693,-0.25397,-0.068323,-0.085908,0.0076463
0,0.2,-1.1304,0.10972,-0.15285,0.54769,0.23051,-0.25342,-0.070032,-0.087759,0.0017243
0,0.2,-1.0676,0.11792,-0.18641,0.57911,0.2092,-0.25282,-0.070975,-0.089829,-0.0033815
0,0.2,-1.0048,0.13307,-0.22407,0.61149,0.18011,-0.25219,-0.07066,-0.092103,-0.0074727
0,0.2,-0.942,0.16096,-0.26747,0.6439,0.13984,-0.25156,-0.070199,-0.094541,-0.01037
0,0.2,-0.8792,0.20826,-0.31927,0.67652,0.086157,-0.25101,-0.07084,-0.097078,-0.011932
0,0.2,-0.8164,0.27766,-0.38297,0.71311,0.021137,-0.25061,-0.072214,-0.099611,-0.012068
0,0.2,-0.7536,0.36167,-0.46086,0.76088,-0.0468,-0.2505,-0.073706,-0.102,-0.010753
0,0.2,-0.6908,0.44067,-0.54623,0.82029,-0.10396,-0.25086,-0.07505,-0.10405,-0.0080392
0,0.2,-0.628,0.48093,-0.59842,0.85648,-0.12793,-0.25192,-0.076185,-0.10556,-0.0040543
0,0.2,-0.5652,0.43481,-0.50944,0.76872,-0.083673,-0.25391,-0.077127,-0.10631,0.0010012
0,0.2,-0.5024,0.31459,-0.24498,0.52944,0.020943,-0.257,-0.07792,-0.10608,0.0068684
0,0.2,-0.4396,0.2193,-0.025557,0.34833,0.11089,-0.26115,-0.078609,-0.10473,0.013249
0,0.2,-0.3768,0.16869,0.056477,0.29957,0.171,-0.266,-0.079243,-0.10225,0.019831
0,0.2,-0.314,0.14983,0.089643,0.2832,0.20686,-0.27094,-0.079864,-0.098728,0.026309
0,0.2,-0.2512,0.15601,0.1202,0.25788,0.21781,-0.27528,-0.080515,-0.09444,0.032409
0,0.2,-0.1884,0.17039,0.14656,0.23451,0.2166,-0.27851,-0.081235,-0.089758,0.037908
0,0.2,-0.1256,0.18417,0.16705,0.2171,0.21168,-0.28043,-0.082063,-0.085115,0.042636
0,0.2,-0.0628,0.19631,0.18302,0.20335,0.20499,-0.28112,-0.083037,-0.080923,0.046489
0,0.2,-4.4409e-16,0.20793,0.19568,0.19079,0.19643,-0.2808,-0.084193,-0.077504,0.04942
0,0.2,0.0628,0.22044,0.20568,0.17773,0.18557,-0.27973,-0.085565,-0.075045,0.051436
0,0.2,0.1256,0.23537,0.21341,0.16304,0.17184,-0.27814,-0.087178,-0.073561,0.052585
0,0.2,0.1884,0.25454,0.21886,0.14608,0.15443,-0.27618,-0.089047,-0.072505,0.052945
0,0.2,0.2512,0.27979,0.22106,0.12719,0.13249,-0.27369,-0.09117,-0.067404,0.052614
0,0.2,0.314,0.31187,0.21719,0.10855,0.10571,-0.26889,-0.093525,-0.055363,0.051702
0,0.2,0.3768,0.34754,0.20348,0.094586,0.075351,-0.25723,-0.096067,-0.052918,0.050319
0,0.2,0.4396,0.37618,0.18131,0.088752,0.045536,-0.24738,-0.09873,-0.054201,0.04857
0,0.2,0.5024,0.39092,0.16297,0.08704,0.019158,-0.24359,-0.10143,-0.055942,0.046555
0,0.2,0.5652,0.416,0.15238,0.087338,-0.012776,-0.24129,-0.10409,-0.057727,0.04436
0,0.2,0.628,0.47791,0.13265,0.1041,-0.058207,-0.23929,-0.10662,-0.059452,0.042058
0,0.2,0.6908,0.55481,0.1039,0.14199,-0.10285,-0.23741,-0.10896,-0.061067,0.039714
0,0.2,0.7536,0.60572,0.087226,0.18206,-0.12723,-0.23567,-0.11106,-0.062542,0.037377
0,0.2,0.8164,0.61673,0.092957,0.20691,-0.12842,-0.23405,-0.11289,-0.063865,0.035086
0,0.2,0.8792,0.59943,0.11493,0.21459,-0.11534,-0.23255,-0.11447,-0.065035,0.032871
0,0.2,0.942,0.56911,0.1437,0.21077,-0.09659,-0.2311,-0.11579,-0.066055,0.030752
0,0.2,1.0048,0.53538,0.17335,0.20083,-0.076788,-0.22814,-0.11689,-0.066938,0.028741
0,0.2,1.0676,0.50271,0.20147,0.18797,-0.057758,-0.21297,-0.11778,-0.067695,0.026839
0,0.2,1.1304,0.47272,0.22746,0.17373,-0.039999,-0.20344,-0.1185,-0.068337,0.025039
0,0.2,1.1932,0.44579,0.25152,0.15871,-0.023503,-0.20195,-0.11908,-0.068832,0.023314
0,0.2,1.256,0.42179,0.27408,0.14304,-0.0081021,-0.20115,-0.11954,-0.068305,0.021613
0,0.2,1.3188,0.40047,0.29562,0.12662,0.0064005,-0.20049,-0.1199,-0.053084,0.019837
0,0.2,1.3816,0.38155,0.31659,0.10926,0.020182,-0.19992,-0.12019,0.00049579,0.017809
0,0.2,1.4444,0.36479,0.33738,0.090666,0.033388,-0.19943,-0.12041,0.014181,0.015244
0,0.2,1.5072,0.35001,0.3584,0.070516,0.046135,-0.19904,-0.12058,0.014818,0.011757
0,0.2,1.57,0.33705,0.38001,0.048412,0.05851,-0.19871,-0.12072,0.014677,0.007038
0,0.2,1.6328,0.32583,0.40259,0.023885,0.07058,-0.19846,-0.12083,0.014525,0.0012283
0,0.2,1.6956,0.3163,0.42648,-0.0036048,0.082389,-0.19828,-0.12091,0.014398,-0.0048294
0,0.2,1.7584,0.30848,0.45193,-0.034644,0.09395,-0.19815,-0.12097,0.014293,-0.010051
0,0.2,1.8212,0.3025,0.47895,-0.06976,0.10521,-0.19807,-0.12102,0.014207,-0.013876
0,0.2,1.884,0.29857,0.50689,-0.10912,0.11594,-0.19805,-0.12106,0.014136,-0.016403
0,0.2,1.9468,0.2971,0.53373,-0.15179,0.12556,-0.19807,-0.12109,0.014078,-0.018008
0,0.2,2.0096,0.2987,0.55448,-0.19405,0.13259,-0.19813,-0.12111,0.01403,-0.019041
0,0.2,2.0724,0.30417,0.55879,-0.22626,0.13383,-0.19822,-0.12112,0.013991,-0.01974
0,0.2,2.1352,0.31414,0.5294,-0.22922,0.12335,-0.19835,-0.12112,0.013959,-0.020243
0,0.2,2.198,0.32805,0.44873,-0.17775,0.093641,-0.19851,-0.12112,0.013933,-0.020629
0,0.2,2.2608,0.34287,0.32067,-0.063713,0.042567,-0.19869,-0.1211,0.013911,-0.020941
0,0.2,2.3236,0.35314,0.18425,0.078856,-0.017956,-0.1989,-0.12106,0.013894,-0.021201
0,0.2,2.3864,0.35068,0.083931,0.19542,-0.063188,-0.19913,-0.121,0.01388,-0.021423
0,0.2,2.4492,0.32213,0.039569,0.25161,-0.060534,-0.19938,-0.1209,0.013868,-0.021616
0,0.2,2.512,0.26219,0.051306,0.24408,0.011396,-0.19965,-0.12073,0.013859,-0.021784
0,0.2,2.5748,0.20211,0.097292,0.20461,0.11155,-0.19993,-0.12046,0.013851,-0.021931
0,0.2,2.6376,0.17606,0.14589,0.16926,0.17519,-0.20022,-0.12003,0.013845,-0.022061
0,0.2,2.7004,0.18203,0.18556,0.1451,0.19212,-0.20053,-0.11934,0.01384,-0.022176
0,0.2,2.7632,0.2054,0.21653,0.12828,0.18143,-0.20084,-0.11825,0.013836,-0.022276
0,0.2,2.826,0.23226,0.23705,0.11899,0.16415,-0.20117,-0.11653,0.013832,-0.022365
0,0.2,2.8888,0.25186,0.24658,0.11785,0.15405,-0.2015,-0.11388,0.01383,-0.022443
0,0.2,2.9516,0.26107,0.24887,0.12249,0.15293,-0.20184,-0.10983,0.013827,-0.022512
0,0.2,3.0144,0.26143,0.24743,0.13037,0.15752,-0.20219,-0.10385,0.013826,-0.022572
0,0.2,3.0772,0.25521,0.2438,0.13992,0.16497,-0.20254,-0.09536,0.013824,-0.022625
0,0.2,3.14,0.24451,0.23849,0.14997,0.17348,-0.2029,-0.083999,0.013823,-0.022672
0,0.3,-3.14,0.24528,0.2429,0.14355,0.17141,-0.24974,-0.058889,-0.044382,0.16441
0,0.3,-3.0772,0.23304,0.23694,0.15169,0.17887,-0.25005,-0.058891,-0.044387,0.16377
0,0.3,-3.0144,0.21935,0.23003,0.15801,0.18575,-0.25035,-0.058894,-0.044393,0.16303
0,0.3,-2.9516,0.20535,0.22293,0.16071,0.19207,-0.25065,-0.058897,-0.0444,0.16213
0,0.3,-2.8888,0.19161,0.21715,0.15707,0.19873,-0.25095,-0.058902,-0.044409,0.16104
0,0.3,-2.826,0.17807,0.21626,0.14267,0.20714,-0.25125,-0.058909,-0.04442,0.15967
0,0.3,-2.7632,0.16561,0.22864,0.1118,0.21474,-0.25154,-0.058919,-0.044433,0.15791
0,0.3,-2.7004,0.15784,0.26092,0.071845,0.20376,-0.25182,-0.058932,-0.04445,0.1556
0,0.3,-2.6376,0.14335,0.27585,0.074564,0.16846,-0.2521,-0.05895,-0.04447,0.15251
0,0.3,-2.5748,0.076803,0.21159,0.15841,0.20703,-0.25237,-0.058976,-0.044495,0.14841
0,0.3,-2.512,-0.033375,0.13316,0.23591,0.39286,-0.25264,-0.05901,-0.044526,0.14308
0,0.3,-2.4492,-0.10828,0.13221,0.2277,0.57448,-0.25289,-0.059058,-0.044564,0.13653
0,0.3,-2.3864,-0.1391,0.15987,0.19007,0.65807,-0.25313,-0.059124,-0.044613,0.12908
0,0.3,-2.3236,-0.14416,0.17201,0.17069,0.67156,-0.25336,-0.059214,-0.044678,0.12135
0,0.3,-2.2608,-0.13015,0.1686,0.1732,0.64643,-0.25358,-0.059338,-0.044777,0.11396
0,0.3,-2.198,-0.10429,0.15854,0.18814,0.60384,-0.25378,-0.059507,-0.044961,0.10727
0,0.3,-2.1352,-0.07432,0.14676,0.20773,0.5573,-0.25396,-0.059738,-0.045399,0.10129
0,0.3,-2.0724,-0.045257,0.13469,0.22813,0.51357,-0.25412,-0.06005,-0.046608,0.09583
0,0.3,-2.0096,-0.019312,0.12242,0.24797,0.475,-0.25426,-0.060472,-0.049918,0.090642
0,0.3,-1.9468,0.0029461,0.10973,0.267,0.44188,-0.25438,-0.061034,-0.057092,0.085497
0,0.3,-1.884,0.021683,0.096407,0.28536,0.41365,-0.25446,-0.061776,-0.066426,0.080228
0,0.3,-1.8212,0.037325,0.082323,0.30332,0.38956,-0.25452,-0.062738,-0.07291,0.074721
0,0.3,-1.7584,0.050341,0.06738,0.32114,0.36886,-0.25453,-0.063961,-0.075851,0.06891
0,0.3,-1.6956,0.061164,0.051505,0.33908,0.35089,-0.25451,-0.065476,-0.077116,0.062766
0,0.3,-1.6328,0.070167,0.034628,0.35737,0.33511,-0.25445,-0.067292,-0.077855,0.056289
0,0.3,-1.57,0.077658,0.016668,0.37624,0.32104,-0.25434,-0.069388,-0.0785,0.049506
0,0.3,-1.5072,0.083895,-0.0024761,0.3959,0.30826,-0.25418,-0.0717,-0.079196,0.04247
0,0.3,-1.4444,0.089093,-0.022928,0.41658,0.29636,-0.25397,-0.074129,-0.080003,0.035261
0,0.3,-1.3816,0.093453,-0.044843,0.43853,0.28494,-0.2537,-0.076553,-0.080949,0.027987
0,0.3,-1.3188,0.097202,-0.068414,0.46197,0.27353,-0.25337,-0.078846,-0.08206,0.020782
0,0.3,-1.256,0.10065,-0.09388,0.48713,0.26152,-0.25298,-0.080899,-0.083354,0.013804
0,0.3,-1.1932,0.10436,-0.12154,0.51417,0.24805,-0.25253,-0.082606,-0.084851,0.007236
0,0.3,-1.1304,0.10934,-0.15179,0.54309,0.23185,-0.25204,-0.083801,-0.086563,0.001276
0,0.3,-1.0676,0.11754,-0.18519,0.57358,0.21099,-0.25151,-0.084102,-0.088499,-0.0038706
0,0.3,-1.0048,0.13242,-0.22264,0.60495,0.1828,-0.25097,-0.082912,-0.090652,-0.0080035
0,0.3,-0.942,0.15934,-0.26564,0.63633,0.14413,-0.25048,-0.080587,-0.092999,-0.010943
0,0.3,-0.8792,0.20443,-0.31664,0.6679,0.092924,-0.25009,-0.078879,-0.095493,-0.012543
0,0.3,-0.8164,0.27019,-0.37877,0.70298,0.031192,-0.24993,-0.07831,-0.098056,-0.012715
0,0.3,-0.7536,0.34965,-0.45374,0.74773,-0.032993,-0.25015,-0.078303,-0.10057,-0.011431
0,0.3,-0.6908,0.42417,-0.53424,0.80176,-0.086166,-0.25095,-0.078458,-0.10288,-0.0087409
0,0.3,-0.628,0.46212,-0.58173,0.83279,-0.1073,-0.25258,-0.078635,-0.10479,-0.0047727
0,0.3,-0.5652,0.42172,-0.49982,0.752,-0.066862,-0.25523,-0.078801,-0.10608,0.00027433
0,0.3,-0.5024,0.31325,-0.25362,0.53026,0.027049,-0.25899,-0.078956,-0.10652,0.0061417
0,0.3,-0.4396,0.22338,-0.03561,0.34966,0.10996,-0.26367,-0.079109,-0.10593,0.012532
0,0.3,-0.3768,0.17399,0.052189,0.29567,0.16699,-0.26876,-0.079271,-0.1042,0.01913
0,0.3,-0.314,0.15363,0.086118,0.28058,0.20293,-0.27358,-0.079452,-0.10135,0.025633
0,0.3,-0.2512,0.15749,0.11585,0.2576,0.21518,-0.27748,-0.079666,-0.09753,0.031764
0,0.3,-0.1884,0.17062,0.14198,0.23496,0.21471,-0.28013,-0.079925,-0.093059,0.037299
0,0.3,-0.1256,0.18403,0.1625,0.21751,0.21,-0.28146,-0.080246,-0.088339,0.042067
0,0.3,-0.0628,0.19615,0.17853,0.20357,0.20333,-0.28165,-0.080646,-0.083802,0.045962
0,0.3,-4.4409e-16,0.20785,0.19122,0.19085,0.19477,-0.28095,-0.081146,-0.079837,0.048937
0,0.3,0.0628,0.22047,0.20125,0.17772,0.18391,-0.2796,-0.081771,-0.076723,0.050997
0,0.3,0.1256,0.23546,0.20898,0.16309,0.17021,-0.27782,-0.082547,-0.074579,0.052187
0,0.3,0.1884,0.25445,0.21432,0.14644,0.15294,-0.27575,-0.083503,-0.073121,0.052588
0,0.3,0.2512,0.27898,0.21621,0.12825,0.13142,-0.27349,-0.084668,-0.069247,0.052295
0,0.3,0.314,0.3093,0.21198,0.11075,0.10555,-0.27084,-0.08607,-0.056861,0.051419
0,0.3,0.3768,0.3418,0.19855,0.097963,0.076643,-0.26604,-0.087727,-0.052338,0.050069
0,0.3,0.4396,0.367,0.17811,0.092577,0.048163,-0.25448,-0.089648,-0.053215,0.048351
0,0.3,0.5024,0.38113,0.16161,0.091067,0.021398,-0.24444,-0.091825,-0.054857,0.046362
0,0.3,0.5652,0.40758,0.15091,0.092741,-0.012152,-0.24061,-0.094227,-0.056628,0.044191
0,0.3,0.628,0.4687,0.13144,0.11013,-0.057934,-0.23835,-0.096803,-0.05839,0.041912
0,0.3,0.6908,0.54354,0.10466,0.14634,-0.10176,-0.23639,-0.099481,-0.060072,0.039587
0,0.3,0.7536,0.59382,0.08975,0.18416,-0.12558,-0.23458,-0.10218,-0.061633,0.037268
0,0.3,0.8164,0.60606,0.095852,0.20787,-0.12684,-0.2329,-0.1048,-0.06305,0.034994
0,0.3,0.8792,0.59076,0.1173,0.21554,-0.11408,-0.23135,-0.10728,-0.064314,0.032795
0,0.3,0.942,0.56235,0.14539,0.21218,-0.095603,-0.22989,-0.10956,-0.065426,0.030694
0,0.3,1.0048,0.53015,0.17456,0.20274,-0.075971,-0.22772,-0.11159,-0.066394,0.028706
0,0.3,1.0676,0.49862,0.20243,0.19027,-0.05703,-0.21601,-0.11335,-0.067228,0.026838
0,0.3,1.1304,0.46948,0.22837,0.17627,-0.039317,-0.20265,-0.11486,-0.067937,0.025095
0,0.3,1.1932,0.44318,0.25251,0.16139,-0.022844,-0.20051,-0.11611,-0.068452,0.023475
0,0.3,1.256,0.41968,0.27521,0.14577,-0.0074543,-0.19964,-0.11715,-0.067206,0.021972
0,0.3,1.3188,0.39875,0.29692,0.12936,0.0070429,-0.19892,-0.11799,-0.043579,0.02057
0,0.3,1.3816,0.38016,0.31805,0.11197,0.020821,-0.19831,-0.11867,0.0066045,0.019244
0,0.3,1.4444,0.36367,0.33899,0.093364,0.034022,-0.19779,-0.11921,0.014749,0.017949
0,0.3,1.5072,0.34912,0.36012,0.073214,0.046757,-0.19736,-0.11964,0.014978,0.016602
0,0.3,1.57,0.33636,0.3818,0.051146,0.059109,-0.19701,-0.11998,0.014793,0.015058
0,0.3,1.6328,0.32532,0.40439,0.026718,0.071134,-0.19673,-0.12025,0.01462,0.013072
0,0.3,1.6956,0.31594,0.4282,-0.00057792,0.082866,-0.19652,-0.12045,0.014477,0.010289
0,0.3,1.7584,0.30826,0.45347,-0.03128,0.094298,-0.19636,-0.12061,0.014358,0.0063357
0,0.3,1.8212,0.30239,0.48013,-0.065846,0.10535,-0.19627,-0.12074,0.01426,0.0011351
0,0.3,1.884,0.29855,0.50753,-0.10435,0.11577,-0.19623,-0.12082,0.01418,-0.0047199
0,0.3,1.9468,0.29715,0.5336,-0.14574,0.12491,-0.19623,-0.12089,0.014114,-0.010137
0,0.3,2.0096,0.29878,0.55346,-0.18631,0.13128,-0.19627,-0.12092,0.014059,-0.014299
0,0.3,2.0724,0.30422,0.55724,-0.21679,0.13176,-0.19636,-0.12092,0.014015,-0.017089
0,0.3,2.1352,0.31406,0.52881,-0.2193,0.12075,-0.19647,-0.12089,0.013979,-0.018827
0,0.3,2.198,0.32765,0.4517,-0.17066,0.091363,-0.19662,-0.12081,0.013949,-0.019892
0,0.3,2.2608,0.34184,0.3284,-0.062639,0.041725,-0.1968,-0.12066,0.013924,-0.020563
0,0.3,2.3236,0.35073,0.19377,0.075023,-0.016667,-0.197,-0.1204,0.013905,-0.021009
0,0.3,2.3864,0.34576,0.091089,0.19095,-0.059164,-0.19722,-0.11998,0.013888,-0.021326
0,0.3,2.4492,0.31507,0.042983,0.24962,-0.054098,-0.19747,-0.11929,0.013875,-0.021567
0,0.3,2.512,0.25616,0.051149,0.24589,0.016501,-0.19773,-0.11819,0.013864,-0.02176
0,0.3,2.5748,0.19797,0.094767,0.20867,0.11396,-0.19801,-0.11646,0.013856,-0.02192
0,0.3,2.6376,0.17147,0.14322,0.17281,0.17815,-0.1983,-0.11378,0.013849,-0.022056
0,0.3,2.7004,0.17614,0.1837,0.1475,0.19672,-0.1986,-0.10969,0.013843,-0.022173
0,0.3,2.7632,0.19864,0.21558,0.12983,0.18676,-0.19892,-0.10365,0.013838,-0.022275
0,0.3,2.826,0.22565,0.23733,0.11945,0.16871,-0.19925,-0.09509,0.013834,-0.022365
0,0.3,2.8888,0.24647,0.24821,0.11686,0.1569,-0.19958,-0.083654,0.013831,-0.022443
0,0.3,2.9516,0.25735,0.25147,0.12,0.15411,-0.19992,-0.069526,0.013829,-0.022512
0,0.3,3.0144,0.25947,0.25072,0.12637,0.15733,-0.20027,-0.053666,0.013827,-0.022572
0,0.3,3.0772,0.25499,0.24774,0.13444,0.16359,-0.20063,-0.037666,0.013825,-0.022625
0,0.3,3.14,0.24584,0.24317,0.14311,0.17103,-0.20099,-0.023172,0.013824,-0.022672
0,0.4,-3.14,0.24369,0.24667,0.13797,0.16991,-0.24817,-0.058924,-0.04438,0.16402
0,0.4,-3.0772,0.23285,0.24149,0.14489,0.17631,-0.24846,-0.058939,-0.044384,0.16312
0,0.4,-3.0144,0.22027,0.23551,0.15011,0.18226,-0.24876,-0.058959,-0.044389,0.16195
0,0.4,-2.9516,0.20706,0.22949,0.15183,0.18779,-0.24905,-0.058988,-0.044395,0.16036
0,0.4,-2.8888,0.1938,0.22503,0.14735,0.19367,-0.24935,-0.059027,-0.044403,0.15819
0,0.4,-2.826,0.18061,0.22565,0.13271,0.20057,-0.24963,-0.059082,-0.044412,0.15518
0,0.4,-2.7632,0.16834,0.23802,0.1047,0.20473,-0.24992,-0.059156,-0.044424,0.15112
0,0.4,-2.7004,0.15748,0.26161,0.075369,0.19288,-0.2502,-0.059258,-0.044439,0.14586
0,0.4,-2.6376,0.13188,0.25694,0.090191,0.17468,-0.25047,-0.059399,-0.044457,0.13954
0,0.4,-2.5748,0.057107,0.18243,0.17019,0.23923,-0.25074,-0.05959,-0.044478,0.13262
0,0.4,-2.512,-0.044085,0.11184,0.23308,0.42186,-0.25099,-0.059851,-0.044505,0.12577
0,0.4,-2.4492,-0.10723,0.11695,0.22111,0.58309,-0.25124,-0.060204,-0.044538,0.11953
0,0.4,-2.3864,-0.13226,0.14635,0.18725,0.65502,-0.25148,-0.060677,-0.044579,0.11411
0,0.4,-2.3236,-0.13479,0.1608,0.17118,0.6643,-0.25171,-0.061306,-0.044628,0.10942
0,0.4,-2.2608,-0.12042,0.16036,0.17504,0.63875,-0.25192,-0.06213,-0.044689,0.10523
0,0.4,-2.198,-0.09561,0.15293,0.19012,0.5975,-0.25212,-0.063192,-0.044765,0.10128
0,0.4,-2.1352,-0.067211,0.14305,0.20938,0.55272,-0.2523,-0.064528,-0.04486,0.097369
0,0.4,-2.0724,-0.039686,0.13226,0.22936,0.51056,-0.25247,-0.066164,-0.044989,0.093335
0,0.4,-2.0096,-0.015048,0.12082,0.24881,0.47324,-0.25261,-0.068096,-0.045185,0.089071
0,0.4,-1.9468,0.0061588,0.10869,0.26749,0.44103,-0.25273,-0.070286,-0.045558,0.084503
0,0.4,-1.884,0.024063,0.095771,0.28554,0.41346,-0.25282,-0.072658,-0.046447,0.079582
0,0.4,-1.8212,0.039042,0.081989,0.30321,0.38984,-0.25288,-0.0751,-0.048809,0.07428
0,0.4,-1.7584,0.051527,0.067292,0.32075,0.36947,-0.2529,-0.077488,-0.054481,0.068585
0,0.4,-1.6956,0.061919,0.051632,0.33841,0.35173,-0.25289,-0.079708,-0.063702,0.062501
0,0.4,-1.6328,0.070568,0.034952,0.35642,0.33609,-0.25284,-0.081677,-0.071873,0.05605
0,0.4,-1.57,0.077768,0.017183,0.37498,0.3221,-0.25275,-0.083353,-0.076193,0.04927
0,0.4,-1.5072,0.083765,-0.0017696,0.3943,0.30936,-0.25261,-0.084728,-0.078154,0.042224
0,0.4,-1.4444,0.088771,-0.022025,0.41461,0.29748,-0.25242,-0.085824,-0.079298,0.034996
0,0.4,-1.3816,0.092984,-0.043735,0.43612,0.28607,-0.25217,-0.086676,-0.080277,0.027695
0,0.4,-1.3188,0.096626,-0.067086,0.45905,0.27468,-0.25187,-0.087325,-0.081318,0.020457
0,0.4,-1.256,0.10001,-0.092312,0.48361,0.26273,-0.25152,-0.087803,-0.082505,0.013442
0,0.4,-1.1932,0.10367,-0.1197,0.50992,0.24941,-0.25112,-0.088122,-0.083876,0.0068349
0,0.4,-1.1304,0.10858,-0.14963,0.53797,0.23352,-0.25069,-0.088228,-0.085453,0.0008333
0,0.4,-1.0676,0.11658,-0.18264,0.56745,0.21328,-0.25024,-0.0879,-0.08725,-0.0043562
0,0.4,-1.0048,0.13086,-0.21955,0.59772,0.18621,-0.2498,-0.086598,-0.089271,-0.0085322
0,0.4,-0.942,0.15635,-0.26173,0.62798,0.14943,-0.24945,-0.083946,-0.091505,-0.011513
0,0.4,-0.8792,0.1986,-0.31136,0.65837,0.10109,-0.24927,-0.081163,-0.093922,-0.013154
0,0.4,-0.8164,0.25995,-0.37113,0.6917,0.043044,-0.24938,-0.079632,-0.096463,-0.013361
0,0.4,-0.7536,0.3341,-0.44219,0.73313,-0.01712,-0.24998,-0.079085,-0.09904,-0.012108
0,0.4,-0.6908,0.40377,-0.51706,0.78171,-0.066503,-0.25129,-0.078937,-0.10152,-0.0094423
0,0.4,-0.628,0.44024,-0.5607,0.80888,-0.086,-0.25353,-0.078918,-0.10373,-0.005491
0,0.4,-0.5652,0.40779,-0.48974,0.73832,-0.051373,-0.25687,-0.078938,-0.10547,-0.00045247
0,0.4,-0.5024,0.31308,-0.26633,0.53683,0.030734,-0.26126,-0.078971,-0.10651,0.0054151
0,0.4,-0.4396,0.22919,-0.049923,0.35516,0.10653,-0.26634,-0.079013,-0.10662,0.011814
0,0.4,-0.3768,0.18099,0.046366,0.29235,0.16039,-0.27149,-0.079063,-0.10566,0.01843
0,0.4,-0.314,0.1585,0.081744,0.27801,0.19681,-0.276,-0.079125,-0.10354,0.024957
0,0.4,-0.2512,0.15902,0.11018,0.25823,0.21133,-0.27939,-0.079203,-0.10033,0.031119
0,0.4,-0.1884,0.17037,0.1359,0.23657,0.21217,-0.28143,-0.079301,-0.096254,0.03669
0,0.4,-0.1256,0.18329,0.15653,0.21892,0.20785,-0.28222,-0.079426,-0.091648,0.041498
0,0.4,-0.0628,0.19546,0.17272,0.20457,0.20123,-0.28198,-0.079585,-0.086938,0.045435
0,0.4,-4.4409e-16,0.20738,0.18552,0.19152,0.19264,-0.28095,-0.079788,-0.082553,0.048454
0,0.4,0.0628,0.22022,0.19563,0.1782,0.18176,-0.27938,-0.080047,-0.078846,0.050556
0,0.4,0.1256,0.23532,0.20336,0.1636,0.16809,-0.27743,-0.080376,-0.07604,0.051789
0,0.4,0.1884,0.25411,0.20852,0.14735,0.15101,-0.27526,-0.080793,-0.074052,0.05223
0,0.4,0.2512,0.2777,0.20997,0.1301,0.13004,-0.27295,-0.081319,-0.070871,0.051977
0,0.4,0.314,0.30581,0.20526,0.11407,0.10526,-0.27054,-0.081978,-0.059152,0.051136
0,0.4,0.3768,0.33453,0.19224,0.10274,0.078026,-0.26783,-0.082797,-0.052096,0.049819
0,0.4,0.4396,0.3559,0.17402,0.097842,0.050971,-0.26311,-0.083805,-0.052353,0.04813
0,0.4,0.5024,0.36978,0.15985,0.096381,0.023749,-0.25169,-0.08503,-0.053826,0.046169
0,0.4,0.5652,0.39851,0.14929,0.09926,-0.011465,-0.24151,-0.086499,-0.055539,0.044023
0,0.4,0.628,0.45933,0.13028,0.11725,-0.057443,-0.23765,-0.088227,-0.057306,0.041765
0,0.4,0.6908,0.53151,0.10586,0.1516,-0.099997,-0.23543,-0.090219,-0.059036,0.03946
0,0.4,0.7536,0.58025,0.0931,0.18674,-0.12282,-0.23353,-0.092461,-0.060672,0.037157
0,0.4,0.8164,0.59327,0.099719,0.20895,-0.124,-0.23179,-0.094916,-0.062177,0.034898
0,0.4,0.8792,0.58001,0.12056,0.21638,-0.1116,-0.23018,-0.097527,-0.063535,0.032713
0,0.4,0.942,0.55376,0.14777,0.2134,-0.09351,-0.22868,-0.10022,-0.06474,0.030624
0,0.4,1.0048,0.52337,0.17625,0.20448,-0.074154,-0.22689,-0.1029,-0.065797,0.028647
0,0.4,1.0676,0.49325,0.2037,0.19244,-0.05539,-0.21883,-0.1055,-0.066713,0.02679
0,0.4,1.1304,0.46517,0.22945,0.17875,-0.037789,-0.20246,-0.10793,-0.067493,0.02506
0,0.4,1.1932,0.43968,0.25354,0.16404,-0.021391,-0.19912,-0.11014,-0.068001,0.023457
0,0.4,1.256,0.41682,0.2763,0.14852,-0.006056,-0.19814,-0.11209,-0.065463,0.021978
0,0.4,1.3188,0.3964,0.2981,0.13215,0.0083967,-0.19738,-0.11378,-0.031704,0.02062
0,0.4,1.3816,0.37822,0.31934,0.11479,0.022134,-0.19673,-0.11522,0.010562,0.019376
0,0.4,1.4444,0.3621,0.34039,0.096194,0.035292,-0.19617,-0.11641,0.01516,0.018234
0,0.4,1.5072,0.34785,0.36159,0.076079,0.047976,-0.1957,-0.11739,0.015145,0.01718
0,0.4,1.57,0.33536,0.38329,0.054088,0.060261,-0.19531,-0.11818,0.014923,0.016191
0,0.4,1.6328,0.32456,0.40585,0.029804,0.072194,-0.195,-0.11881,0.014728,0.015229
0,0.4,1.6956,0.3154,0.42954,0.0027535,0.083793,-0.19476,-0.1193,0.014565,0.014227
0,0.4,1.7584,0.30791,0.45458,-0.027556,0.095033,-0.19459,-0.11968,0.014431,0.013067
0,0.4,1.8212,0.30222,0.48088,-0.061518,0.1058,-0.19447,-0.11995,0.014321,0.011547
0,0.4,1.884,0.29856,0.50773,-0.09913,0.11582,-0.1944,-0.12013,0.014229,0.0093491
0,0.4,1.9468,0.29733,0.53312,-0.1393,0.12439,-0.19439,-0.12022,0.014154,0.0060854
0,0.4,2.0096,0.29911,0.55236,-0.17842,0.13002,-0.19442,-0.1202,0.014093,0.00152
0,0.4,2.0724,0.30467,0.55618,-0.20777,0.12968,-0.19448,-0.12004,0.014042,-0.0040255
0,0.4,2.1352,0.31454,0.5296,-0.21091,0.11816,-0.19459,-0.11968,0.014001,-0.0095702
0,0.4,2.198,0.32797,0.45702,-0.16646,0.089152,-0.19473,-0.11905,0.013967,-0.014103
0,0.4,2.2608,0.34159,0.33895,-0.065441,0.041055,-0.19489,-0.11799,0.013939,-0.017247
0,0.4,2.3236,0.34897,0.2057,0.067275,-0.015038,-0.19509,-0.11627,0.013917,-0.019212
0,0.4,2.3864,0.34129,0.099543,0.18349,-0.054639,-0.1953,-0.11359,0.013898,-0.020383
0,0.4,2.4492,0.30831,0.046366,0.24607,-0.047272,-0.19554,-0.10948,0.013883,-0.021081
0,0.4,2.512,0.2501,0.050013,0.24737,0.021823,-0.1958,-0.1034,0.013871,-0.021511
0,0.4,2.5748,0.1933,0.090879,0.21312,0.11661,-0.19607,-0.094778,0.013861,-0.021794
0,0.4,2.6376,0.16591,0.13913,0.17705,0.18157,-0.19636,-0.083276,0.013853,-0.021992
0,0.4,2.7004,0.16874,0.18045,0.15068,0.20233,-0.19667,-0.069094,0.013846,-0.022141
0,0.4,2.7632,0.18976,0.21319,0.13229,0.19368,-0.19698,-0.053215,0.013841,-0.022259
0,0.4,2.826,0.21636,0.23621,0.12101,0.17522,-0.19731,-0.037239,0.013837,-0.022357
0,0.4,2.8888,0.23809,0.24864,0.11704,0.16157,-0.19764,-0.022808,0.013833,-0.022439
0,0.4,2.9516,0.25058,0.25311,0.11869,0.15678,-0.19798,-0.010984,0.01383,-0.02251
0,0.4,3.0144,0.25445,0.25315,0.12362,0.15838,-0.19833,-0.0020488,0.013828,-0.022572
0,0.4,3.0772,0.2517,0.25082,0.13028,0.16331,-0.19869,0.0043003,0.013826,-0.022625
0,0.4,3.14,0.24417,0.2469,0.1376,0.16958,-0.19905,0.0086169,0.013825,-0.022672
0,0.5,-3.14,0.23914,0.24948,0.13374,0.16949,-0.24664,-0.059193,-0.044377,0.16186
0,0.5,-3.0772,0.22981,0.24506,0.13934,0.17482,-0.24693,-0.059309,-0.044381,0.15967
0,0.5,-3.0144,0.21851,0.23999,0.14326,0.17988,-0.24722,-0.059468,-0.044385,0.15659
0,0.5,-2.9516,0.20621,0.23509,0.14371,0.18478,-0.2475,-0.059685,-0.044391,0.15241
0,0.5,-2.8888,0.19344,0.23196,0.13811,0.1901,-0.24779,-0.059979,-0.044398,0.1471
0,0.5,-2.826,0.18035,0.23387,0.12329,0.19583,-0.24807,-0.060376,-0.044406,0.14093
0,0.5,-2.7632,0.16721,0.24498,0.098871,0.19781,-0.24834,-0.060907,-0.044416,0.1345
0,0.5,-2.7004,0.15117,0.25804,0.080403,0.18874,-0.24861,-0.061609,-0.044429,0.12846
0,0.5,-2.6376,0.11393,0.23474,0.10591,0.19021,-0.24888,-0.062524,-0.044445,0.12322
0,0.5,-2.5748,0.033367,0.15361,0.18138,0.27769,-0.24914,-0.063691,-0.044464,0.11886
0,0.5,-2.512,-0.057149,0.093022,0.2307,0.45316,-0.24939,-0.065145,-0.044487,0.11522
0,0.5,-2.4492,-0.10832,0.10388,0.21568,0.59306,-0.24964,-0.066901,-0.044516,0.11204
0,0.5,-2.3864,-0.12692,0.1342,0.18563,0.65246,-0.24987,-0.068943,-0.044552,0.10909
0,0.5,-2.3236,-0.12611,0.15037,0.17275,0.65668,-0.2501,-0.071218,-0.044595,0.10619
0,0.5,-2.2608,-0.11075,0.15259,0.17777,0.63024,-0.25031,-0.073632,-0.044648,0.1032
0,0.5,-2.198,-0.086616,0.14767,0.19275,0.59016,-0.2505,-0.076067,-0.044713,0.10002
0,0.5,-2.1352,-0.059631,0.13967,0.21148,0.54719,-0.25069,-0.0784,-0.044793,0.096578
0,0.5,-2.0724,-0.033617,0.13016,0.23087,0.50674,-0.25085,-0.080527,-0.04489,0.09283
0,0.5,-2.0096,-0.010321,0.11957,0.2498,0.47081,-0.25099,-0.082382,-0.045009,0.088734
0,0.5,-1.9468,0.0097731,0.10802,0.26805,0.43966,-0.25111,-0.083936,-0.045156,0.084261
0,0.5,-1.884,0.026779,0.095518,0.28573,0.41288,-0.2512,-0.085196,-0.045342,0.079391
0,0.5,-1.8212,0.041037,0.082052,0.30306,0.38982,-0.25127,-0.08619,-0.045593,0.074113
0,0.5,-1.7584,0.052937,0.067613,0.32029,0.36985,-0.25131,-0.086958,-0.04598,0.068424
0,0.5,-1.6956,0.062851,0.052182,0.33764,0.3524,-0.25131,-0.087541,-0.046726,0.062334
0,0.5,-1.6328,0.071106,0.035719,0.35533,0.33696,-0.25127,-0.087979,-0.048488,0.055869
0,0.5,-1.57,0.077979,0.018166,0.37355,0.3231,-0.25119,-0.088304,-0.052818,0.04907
0,0.5,-1.5072,0.083705,-0.00056273,0.39251,0.31043,-0.25106,-0.088545,-0.061173,0.041999
0,0.5,-1.4444,0.088485,-0.020578,0.41241,0.2986,-0.25089,-0.088721,-0.070653,0.034742
0,0.5,-1.3816,0.092513,-0.042025,0.43345,0.28724,-0.25067,-0.088849,-0.076723,0.027409
0,0.5,-1.3188,0.096006,-0.065081,0.45582,0.27591,-0.25041,-0.088942,-0.079708,0.020136
0,0.5,-1.256,0.099265,-0.089966,0.47971,0.26407,-0.25009,-0.089003,-0.081448,0.013084
0,0.5,-1.1932,0.1028,-0.11696,0.50523,0.25096,-0.24974,-0.089026,-0.082899,0.0064357
0,0.5,-1.1304,0.10753,-0.1464,0.53234,0.23548,-0.24937,-0.088972,-0.084403,0.00039172
0,0.5,-1.0676,0.11514,-0.17878,0.56074,0.21598,-0.24901,-0.088702,-0.08608,-0.0048411
0,0.5,-1.0048,0.12857,-0.21485,0.58983,0.19021,-0.2487,-0.087826,-0.087968,-0.0090604
0,0.5,-0.942,0.15224,-0.25581,0.61889,0.15557,-0.24851,-0.085719,-0.090075,-0.012084
0,0.5,-0.8792,0.19116,-0.30354,0.64799,0.11039,-0.24856,-0.082669,-0.092388,-0.013764
0,0.5,-0.8164,0.24751,-0.36029,0.67944,0.056299,-0.249,-0.080383,-0.094868,-0.014007
0,0.5,-0.7536,0.3158,-0.4267,0.7174,0.00027873,-0.25004,-0.079376,-0.097448,-0.012785
0,0.5,-0.6908,0.38046,-0.4955,0.76073,-0.045654,-0.25191,-0.07904,-0.10002,-0.010144
0,0.5,-0.628,0.41614,-0.53608,0.78509,-0.064608,-0.25482,-0.078944,-0.10245,-0.0062092
0,0.5,-0.5652,0.39291,-0.4784,0.72666,-0.037054,-0.25883,-0.078922,-0.10454,-0.0011792
0,0.5,-0.5024,0.31335,-0.2816,0.548,0.032589,-0.26375,-0.078925,-0.10607,0.0046884
0,0.5,-0.4396,0.23629,-0.068961,0.36586,0.10104,-0.26906,-0.078937,-0.10683,0.011096
0,0.5,-0.3768,0.18944,0.03825,0.29057,0.15148,-0.27408,-0.078954,-0.1066,0.017729
0,0.5,-0.314,0.1648,0.076676,0.27507,0.18828,-0.27817,-0.078977,-0.10525,0.02428
0,0.5,-0.2512,0.16121,0.10351,0.25917,0.2058,-0.28097,-0.079006,-0.10275,0.030474
0,0.5,-0.1884,0.17001,0.12848,0.2391,0.20869,-0.28244,-0.079044,-0.09922,0.036081
0,0.5,-0.1256,0.18212,0.14918,0.22132,0.20512,-0.28274,-0.079093,-0.094916,0.040929
0,0.5,-0.0628,0.19429,0.1656,0.20642,0.19866,-0.28213,-0.079155,-0.090222,0.044908
0,0.5,-4.4409e-16,0.20647,0.1786,0.19289,0.19006,-0.28084,-0.079235,-0.085573,0.04797
0,0.5,0.0628,0.21958,0.18881,0.1793,0.17917,-0.27908,-0.079338,-0.081379,0.050116
0,0.5,0.1256,0.23478,0.1965,0.16475,0.16557,-0.27701,-0.07947,-0.07795,0.051391
0,0.5,0.1884,0.25323,0.20137,0.14905,0.14879,-0.27475,-0.079639,-0.075366,0.051873
0,0.5,0.2512,0.2756,0.20225,0.13299,0.12852,-0.27237,-0.079855,-0.072417,0.051658
0,0.5,0.314,0.30103,0.19708,0.11868,0.10502,-0.26994,-0.080131,-0.062084,0.050853
0,0.5,0.3768,0.32554,0.18478,0.1089,0.079558,-0.26747,-0.080482,-0.052328,0.049568
0,0.5,0.4396,0.34323,0.16924,0.10445,0.053777,-0.26477,-0.080926,-0.051668,0.04791
0,0.5,0.5024,0.35759,0.15761,0.10301,0.025866,-0.26014,-0.081485,-0.052884,0.045976
0,0.5,0.5652,0.38926,0.14739,0.10702,-0.010957,-0.2489,-0.082184,-0.054485,0.043854
0,0.5,0.628,0.4499,0.12916,0.12545,-0.056777,-0.2386,-0.083052,-0.05622,0.041618
0,0.5,0.6908,0.51883,0.10746,0.1577,-0.097541,-0.23471,-0.084116,-0.057972,0.039332
0,0.5,0.7536,0.56526,0.097159,0.18984,-0.11897,-0.23254,-0.085406,-0.059665,0.037046
0,0.5,0.8164,0.57864,0.10441,0.21021,-0.1199,-0.23071,-0.086944,-0.06125,0.034802
0,0.5,0.8792,0.56737,0.12458,0.2172,-0.1079,-0.22904,-0.088744,-0.062698,0.03263
0,0.5,0.942,0.54345,0.15077,0.21452,-0.090292,-0.22749,-0.090806,-0.063997,0.030552
0,0.5,1.0048,0.51512,0.17839,0.2061,-0.071318,-0.22587,-0.09311,-0.065146,0.028585
0,0.5,1.0676,0.48662,0.20526,0.19451,-0.05282,-0.22063,-0.095613,-0.066148,0.026738
0,0.5,1.1304,0.45981,0.23068,0.18115,-0.035402,-0.20323,-0.098253,-0.067,0.025015
0,0.5,1.1932,0.4353,0.25463,0.16667,-0.019136,-0.19783,-0.10095,-0.067447,0.023419
0,0.5,1.256,0.41321,0.27735,0.15129,-0.0039026,-0.19667,-0.10361,-0.062664,0.021948
0,0.5,1.3188,0.39341,0.29918,0.135,0.010464,-0.19586,-0.10616,-0.018964,0.020599
0,0.5,1.3816,0.37576,0.32047,0.11769,0.02412,-0.19516,-0.10853,0.01305,0.019366
0,0.5,1.4444,0.36006,0.34156,0.099147,0.037196,-0.19456,-0.11065,0.015495,0.018244
0,0.5,1.5072,0.3462,0.36279,0.079104,0.049788,-0.19405,-0.11251,0.015326,0.017223
0,0.5,1.57,0.33404,0.38448,0.05723,0.061962,-0.19363,-0.11409,0.015069,0.016297
0,0.5,1.6328,0.32354,0.40695,0.033135,0.073754,-0.19329,-0.11539,0.014849,0.015454
0,0.5,1.6956,0.31465,0.43049,0.0063799,0.085166,-0.19302,-0.11641,0.014666,0.014681
0,0.5,1.7584,0.30742,0.45526,-0.023484,0.096153,-0.19281,-0.11716,0.014514,0.013959
0,0.5,1.8212,0.30198,0.48116,-0.056797,0.10658,-0.19267,-0.11763,0.014389,0.013257
0,0.5,1.884,0.29856,0.50749,-0.093504,0.11611,-0.19259,-0.11778,0.014286,0.012521
0,0.5,1.9468,0.29757,0.5323,-0.13252,0.12403,-0.19255,-0.11754,0.014201,0.011658
0,0.5,2.0096,0.29961,0.55117,-0.17041,0.12885,-0.19256,-0.11679,0.014131,0.010501
0,0.5,2.0724,0.30541,0.55552,-0.19918,0.12768,-0.19261,-0.11531,0.014074,0.0087794
0,0.5,2.1352,0.31542,0.53158,-0.2039,0.11567,-0.1927,-0.11279,0.014027,0.0061186
0,0.5,2.198,0.32883,0.46441,-0.16485,0.087117,-0.19283,-0.1088,0.013988,0.0021848
0,0.5,2.2608,0.34198,0.3522,-0.071898,0.040652,-0.19298,-0.10278,0.013957,-0.0029504
0,0.5,2.3236,0.3479,0.22036,0.055405,-0.01304,-0.19317,-0.094178,0.013931,-0.0085137
0,0.5,2.3864,0.33748,0.10988,0.17241,-0.049728,-0.19338,-0.082674,0.01391,-0.013402
0,0.5,2.4492,0.30209,0.050313,0.24016,-0.040218,-0.19361,-0.068489,0.013893,-0.016967
0,0.5,2.512,0.24416,0.048356,0.24775,0.027363,-0.19386,-0.052629,0.013879,-0.019243
0,0.5,2.5748,0.18827,0.085852,0.21748,0.11955,-0.19413,-0.03671,0.013867,-0.020591
0,0.5,2.6376,0.1596,0.13358,0.1818,0.18541,-0.19441,-0.022364,0.013858,-0.021368
0,0.5,2.7004,0.16008,0.17563,0.1546,0.20888,-0.19471,-0.010638,0.013851,-0.021821
0,0.5,2.7632,0.17898,0.20916,0.13566,0.20225,-0.19503,-0.0017933,0.013844,-0.022096
0,0.5,2.826,0.20452,0.23336,0.12368,0.18393,-0.19535,0.0044817,0.013839,-0.022274
0,0.5,2.8888,0.22676,0.2475,0.11846,0.16847,-0.19568,0.0087426,0.013835,-0.022398
0,0.5,2.9516,0.24075,0.25349,0.11865,0.1613,-0.19603,0.01155,0.013832,-0.022489
0,0.5,3.0144,0.24639,0.25455,0.12218,0.16089,-0.19638,0.013364,0.013829,-0.022561
0,0.5,3.0772,0.2454,0.25293,0.12747,0.16425,-0.19673,0.01452,0.013827,-0.02262
0,0.5,3.14,0.23954,0.24968,0.13344,0.16923,-0.1971,0.01525,0.013826,-0.02267
0,0.6,-3.14,0.23162,0.25116,0.1308,0.17057,-0.24516,-0.061165,-0.044375,0.15266
0,0.6,-3.0772,0.22386,0.24749,0.13498,0.17482,-0.24544,-0.061947,-0.044379,0.14723
0,0.6,-3.0144,0.21383,0.24331,0.13743,0.17918,-0.24572,-0.062958,-0.044382,0.1412
0,0.6,-2.9516,0.20238,0.23944,0.13641,0.18376,-0.246,-0.064236,-0.044387,0.13525
0,0.6,-2.8888,0.18987,0.23746,0.12963,0.18893,-0.24627,-0.065811,-0.044393,0.12994
0,0.6,-2.826,0.1763,0.23999,0.11501,0.19416,-0.24655,-0.067685,-0.044401,0.12556
0,0.6,-2.7632,0.16086,0.24804,0.095097,0.19601,-0.24681,-0.069828,-0.04441,0.12207
0,0.6,-2.7004,0.13771,0.24899,0.087297,0.19387,-0.24708,-0.072172,-0.044421,0.11925
0,0.6,-2.6376,0.089339,0.20923,0.12137,0.21671,-0.24734,-0.074609,-0.044434,0.11686
0,0.6,-2.5748,0.0066917,0.12628,0.19085,0.32212,-0.24759,-0.077018,-0.044451,0.11469
0,0.6,-2.512,-0.071102,0.077585,0.22774,0.4854,-0.24784,-0.079279,-0.044472,0.11257
0,0.6,-2.4492,-0.11025,0.093459,0.21091,0.60311,-0.24808,-0.081303,-0.044497,0.11039
0,0.6,-2.3864,-0.12206,0.1239,0.18495,0.64952,-0.24831,-0.083039,-0.044528,0.10808
0,0.6,-2.3236,-0.11747,0.1412,0.17519,0.64826,-0.24853,-0.084473,-0.044566,0.10556
0,0.6,-2.2608,-0.10081,0.1457,0.18118,0.62074,-0.24873,-0.085622,-0.044613,0.1028
0,0.6,-2.198,-0.077188,0.14305,0.19587,0.58181,-0.24893,-0.086521,-0.04467,0.099758
0,0.6,-2.1352,-0.051548,0.1368,0.21389,0.54072,-0.24911,-0.08721,-0.04474,0.096397
0,0.6,-2.0724,-0.027052,0.12851,0.23257,0.50212,-0.24927,-0.087731,-0.044825,0.092692
0,0.6,-2.0096,-0.0051438,0.11875,0.25089,0.46772,-0.24941,-0.08812,-0.044929,0.088617
0,0.6,-1.9468,0.013779,0.10777,0.26863,0.43777,-0.24954,-0.088409,-0.045056,0.084151
0,0.6,-1.884,0.029826,0.09568,0.28588,0.41188,-0.24963,-0.088621,-0.04521,0.079279
0,0.6,-1.8212,0.043305,0.082532,0.30284,0.38949,-0.2497,-0.088777,-0.045398,0.073992
0,0.6,-1.7584,0.054571,0.06836,0.31972,0.37,-0.24974,-0.08889,-0.045627,0.06829
0,0.6,-1.6956,0.063965,0.053171,0.33674,0.35289,-0.24975,-0.088973,-0.045909,0.062183
0,0.6,-1.6328,0.07179,0.036943,0.35408,0.33769,-0.24972,-0.089034,-0.046264,0.055698
0,0.6,-1.57,0.078304,0.019629,0.37195,0.324,-0.24966,-0.089077,-0.046745,0.048875
0,0.6,-1.5072,0.083729,0.0011575,0.39051,0.31146,-0.24955,-0.089109,-0.047498,0.041778
0,0.6,-1.4444,0.088255,-0.018575,0.40996,0.29972,-0.2494,-0.089132,-0.048963,0.034491
0,0.6,-1.3816,0.092069,-0.039702,0.43048,0.28843,-0.24921,-0.089149,-0.052313,0.027125
0,0.6,-1.3188,0.095375,-0.062389,0.45225,0.27719,-0.24897,-0.08916,-0.059419,0.019816
0,0.6,-1.256,0.098462,-0.086838,0.47543,0.26551,-0.2487,-0.089164,-0.069499,0.012726
0,0.6,-1.1932,0.10181,-0.1133,0.50009,0.25268,-0.2484,-0.089157,-0.077543,0.0060368
0,0.6,-1.1304,0.10626,-0.14209,0.52619,0.23767,-0.2481,-0.089112,-0.08196,-4.9496e-05
0,0.6,-1.0676,0.11335,-0.17364,0.55345,0.21902,-0.24784,-0.088952,-0.084543,-0.0053257
0,0.6,-1.0048,0.12572,-0.20859,0.58131,0.19469,-0.24767,-0.088434,-0.086614,-0.0095884
0,0.6,-0.942,0.1473,-0.24797,0.6091,0.16236,-0.24768,-0.087004,-0.088681,-0.012654
0,0.6,-0.8792,0.18254,-0.29335,0.63683,0.12051,-0.248,-0.084259,-0.0909,-0.014374
0,0.6,-0.8164,0.2335,-0.34655,0.66632,0.070545,-0.24882,-0.081381,-0.093296,-0.014653
0,0.6,-0.7536,0.29559,-0.40782,0.70086,0.018677,-0.25035,-0.079768,-0.095835,-0.013462
0,0.6,-0.6908,0.35519,-0.47043,0.73928,-0.024208,-0.25284,-0.079162,-0.098442,-0.010845
0,0.6,-0.628,0.39052,-0.50856,0.76168,-0.0435,-0.25643,-0.078971,-0.101,-0.0069273
0,0.6,-0.5652,0.3769,-0.46502,0.71599,-0.023644,-0.26106,-0.078916,-0.10335,-0.001906
0,0.6,-0.5024,0.31319,-0.29757,0.56228,0.033243,-0.26638,-0.078903,-0.10529,0.0039618
0,0.6,-0.4396,0.24408,-0.092846,0.38266,0.093925,-0.27175,-0.078903,-0.1066,0.010378
0,0.6,-0.3768,0.19899,0.026725,0.29195,0.14067,-0.27647,-0.078909,-0.10705,0.017028
0,0.6,-0.314,0.17274,0.070853,0.27171,0.17724,-0.28003,-0.078917,-0.10646,0.023604
0,0.6,-0.2512,0.16472,0.096272,0.25965,0.19804,-0.28225,-0.078928,-0.10472,0.029829
0,0.6,-0.1884,0.17014,0.11998,0.24209,0.20381,-0.28318,-0.078943,-0.10185,0.035471
0,0.6,-0.1256,0.18084,0.14054,0.22459,0.20156,-0.28306,-0.078961,-0.098016,0.040359
0,0.6,-0.0628,0.19275,0.15719,0.20917,0.19553,-0.28214,-0.078986,-0.09353,0.044381
0,0.6,-4.4409e-16,0.2051,0.17039,0.1951,0.18704,-0.28064,-0.079017,-0.088799,0.047486
0,0.6,0.0628,0.21842,0.1807,0.18122,0.17621,-0.27873,-0.079057,-0.084258,0.049675
0,0.6,0.1256,0.23361,0.18828,0.16683,0.16278,-0.27656,-0.079108,-0.080287,0.050993
0,0.6,0.1884,0.25149,0.19275,0.15185,0.14643,-0.27423,-0.079175,-0.077098,0.051515
0,0.6,0.2512,0.27226,0.193,0.13721,0.12703,-0.2718,-0.079261,-0.074047,0.051339
0,0.6,0.314,0.2946,0.18754,0.12475,0.10495,-0.26933,-0.079371,-0.06536,0.05057
0,0.6,0.3768,0.31483,0.17647,0.11644,0.081186,-0.26685,-0.079512,-0.053201,0.049318
0,0.6,0.4396,0.32957,0.16396,0.11228,0.056288,-0.26437,-0.079692,-0.051225,0.04769
0,0.6,0.5024,0.34541,0.15482,0.11098,0.027375,-0.26169,-0.079923,-0.052076,0.045783
0,0.6,0.5652,0.38033,0.14508,0.1161,-0.010841,-0.25719,-0.080218,-0.053501,0.043685
0,0.6,0.628,0.44052,0.12806,0.13468,-0.055964,-0.24615,-0.080592,-0.055155,0.041471
0,0.6,0.6908,0.50558,0.10945,0.16455,-0.094388,-0.23572,-0.081065,-0.056894,0.039204
0,0.6,0.7536,0.54908,0.10179,0.19346,-0.11404,-0.23182,-0.081659,-0.058623,0.036935
0,0.6,0.8164,0.56244,0.10974,0.21175,-0.11459,-0.2297,-0.082401,-0.060274,0.034706
0,0.6,0.8792,0.55307,0.12922,0.21811,-0.10298,-0.22794,-0.083317,-0.061806,0.032547
0,0.6,0.942,0.53158,0.15431,0.21562,-0.085947,-0.22633,-0.084438,-0.063197,0.030481
0,0.6,1.0048,0.50547,0.18093,0.20765,-0.067455,-0.22476,-0.085789,-0.064438,0.028523
0,0.6,1.0676,0.4788,0.20709,0.19651,-0.049311,-0.2213,-0.087391,-0.065529,0.026684
0,0.6,1.1304,0.45343,0.23207,0.18351,-0.032148,-0.20521,-0.089254,-0.066452,0.024969
0,0.6,1.1932,0.43005,0.25576,0.16928,-0.016072,-0.1967,-0.091368,-0.066741,0.02338
0,0.6,1.256,0.40886,0.27836,0.15407,-0.00099042,-0.19524,-0.093705,-0.05822,0.021915
0,0.6,1.3188,0.3898,0.30015,0.1379,0.013245,-0.19437,-0.09621,-0.0073418,0.020571
0,0.6,1.3816,0.37275,0.32143,0.12067,0.02678,-0.19362,-0.098805,0.014628,0.019343
0,0.6,1.4444,0.35757,0.34251,0.10222,0.039732,-0.19298,-0.10139,0.0158,0.018225
0,0.6,1.5072,0.34415,0.36371,0.082284,0.052189,-0.19243,-0.10386,0.015526,0.017211
0,0.6,1.57,0.33239,0.38534,0.060568,0.064207,-0.19197,-0.10608,0.015233,0.016293
0,0.6,1.6328,0.32224,0.40769,0.036707,0.07581,-0.19159,-0.10794,0.014985,0.015465
0,0.6,1.6956,0.31368,0.43102,0.010296,0.086983,-0.19129,-0.10929,0.014779,0.014717
0,0.6,1.7584,0.30676,0.45549,-0.019073,0.09766,-0.19106,-0.10996,0.014608,0.014043
0,0.6,1.8212,0.30162,0.48097,-0.051696,0.10767,-0.19089,-0.10971,0.014466,0.013434
0,0.6,1.884,0.2985,0.50678,-0.087489,0.11666,-0.19078,-0.10823,0.01435,0.012877
0,0.6,1.9468,0.29782,0.53109,-0.12541,0.12388,-0.19072,-0.10508,0.014253,0.012357
0,0.6,2.0096,0.30018,0.54981,-0.16231,0.12786,-0.19071,-0.099736,0.014174,0.011851
0,0.6,2.0724,0.30627,0.55513,-0.19097,0.12584,-0.19075,-0.091659,0.014109,0.011316
0,0.6,2.1352,0.31653,0.53446,-0.19805,0.1134,-0.19082,-0.080557,0.014056,0.010677
0,0.6,2.198,0.33003,0.4735,-0.16544,0.085385,-0.19093,-0.066693,0.014012,0.0098006
0,0.6,2.2608,0.34287,0.36802,-0.081719,0.040629,-0.19108,-0.051113,0.013976,0.0084596
0,0.6,2.3236,0.34754,0.2381,0.039213,-0.010631,-0.19125,-0.035454,0.013947,0.0063127
0,0.6,2.3864,0.33456,0.12284,0.15699,-0.04454,-0.19145,-0.021355,0.013923,0.0029809
0,0.6,2.4492,0.29674,0.055587,0.23093,-0.033127,-0.19167,-0.0098522,0.013903,-0.0016652
0,0.6,2.512,0.23861,0.046758,0.24616,0.033017,-0.19191,-0.0011959,0.013887,-0.0071141
0,0.6,2.5748,0.18312,0.080001,0.22111,0.12275,-0.19218,0.0049289,0.013874,-0.012293
0,0.6,2.6376,0.15285,0.12664,0.18676,0.18957,-0.19246,0.0090748,0.013864,-0.016311
0,0.6,2.7004,0.15048,0.16913,0.15916,0.21625,-0.19275,0.011797,0.013855,-0.018974
0,0.6,2.7632,0.16661,0.20327,0.13985,0.21247,-0.19306,0.013547,0.013848,-0.020568
0,0.6,2.826,0.19038,0.22848,0.12742,0.19505,-0.19338,0.014656,0.013842,-0.021476
0,0.6,2.8888,0.21255,0.24433,0.12116,0.17812,-0.19371,0.015353,0.013838,-0.021987
0,0.6,2.9516,0.22782,0.25212,0.11995,0.16831,-0.19405,0.015787,0.013834,-0.022279
0,0.6,3.0144,0.23523,0.25453,0.12206,0.16543,-0.1944,0.016056,0.013831,-0.022454
0,0.6,3.0772,0.23606,0.25383,0.12597,0.16686,-0.19476,0.016222,0.013829,-0.022566
0,0.6,3.14,0.23193,0.25132,0.13057,0.17037,-0.19513,0.016324,0.013827,-0.022642
0,0.7,-3.14,0.22085,0.25122,0.12908,0.17418,-0.24373,-0.070746,-0.044374,0.13528
0,0.7,-3.0772,0.21459,0.24834,0.13174,0.17741,-0.244,-0.073141,-0.044376,0.13063
0,0.7,-3.0144,0.2057,0.24496,0.1326,0.18135,-0.24427,-0.075582,-0.04438,0.12698
0,0.7,-2.9516,0.19482,0.24196,0.13003,0.18605,-0.24454,-0.077945,-0.044384,0.12418
0,0.7,-2.8888,0.18212,0.24076,0.1222,0.19167,-0.24481,-0.08012,-0.044389,0.122
0,0.7,-2.826,0.16719,0.24286,0.10844,0.19748,-0.24507,-0.082033,-0.044396,0.12021
0,0.7,-2.7632,0.14786,0.24587,0.093873,0.20188,-0.24533,-0.083648,-0.044404,0.11861
0,0.7,-2.7004,0.11639,0.23401,0.095989,0.21055,-0.24559,-0.084965,-0.044413,0.11708
0,0.7,-2.6376,0.058904,0.1814,0.13597,0.25457,-0.24584,-0.086009,-0.044425,0.11552
0,0.7,-2.5748,-0.021088,0.10206,0.19777,0.37081,-0.24609,-0.086819,-0.04444,0.11387
0,0.7,-2.512,-0.084315,0.066342,0.22371,0.51666,-0.24633,-0.087436,-0.044458,0.11207
0,0.7,-2.4492,-0.1117,0.086103,0.20655,0.61181,-0.24656,-0.0879,-0.04448,0.11008
0,0.7,-2.3864,-0.11671,0.11589,0.18504,0.64531,-0.24679,-0.088246,-0.044508,0.10788
0,0.7,-2.3236,-0.10829,0.13376,0.17828,0.63861,-0.247,-0.088501,-0.044541,0.10543
0,0.7,-2.2608,-0.090332,0.14005,0.18506,0.61009,-0.24721,-0.088689,-0.044582,0.1027
0,0.7,-2.198,-0.067219,0.13933,0.19931,0.57242,-0.2474,-0.088826,-0.044632,0.099675
0,0.7,-2.1352,-0.04294,0.13462,0.21651,0.53335,-0.24757,-0.088927,-0.044694,0.096322
0,0.7,-2.0724,-0.019997,0.12742,0.23438,0.49673,-0.24774,-0.089,-0.044769,0.092617
0,0.7,-2.0096,0.00047059,0.11843,0.25201,0.464,-0.24788,-0.089053,-0.04486,0.088537
0,0.7,-1.9468,0.018163,0.10799,0.26918,0.43536,-0.248,-0.089091,-0.044972,0.084063
0,0.7,-1.884,0.033194,0.096289,0.28596,0.41047,-0.2481,-0.089119,-0.045108,0.07918
0,0.7,-1.8212,0.045842,0.083455,0.30251,0.38883,-0.24817,-0.089139,-0.045273,0.07388
0,0.7,-1.7584,0.056429,0.069554,0.31902,0.3699,-0.24822,-0.089154,-0.045474,0.068161
0,0.7,-1.6956,0.065266,0.054616,0.33567,0.35319,-0.24824,-0.089165,-0.045717,0.062036
0,0.7,-1.6328,0.072628,0.038639,0.35265,0.33829,-0.24822,-0.089172,-0.046011,0.055528
0,0.7,-1.57,0.078757,0.02159,0.37013,0.32481,-0.24816,-0.089178,-0.046367,0.048682
0,0.7,-1.5072,0.083856,0.0034069,0.38827,0.31242,-0.24807,-0.089182,-0.046798,0.041557
0,0.7,-1.4444,0.088106,-0.016001,0.40724,0.3008,-0.24794,-0.089185,-0.047325,0.034241
0,0.7,-1.3816,0.091681,-0.036753,0.42721,0.28962,-0.24777,-0.089187,-0.047988,0.026842
0,0.7,-1.3188,0.094775,-0.058999,0.44833,0.27852,-0.24757,-0.089188,-0.048889,0.019497
0,0.7,-1.256,0.097656,-0.08292,0.47074,0.26703,-0.24734,-0.089187,-0.050319,0.012368
0,0.7,-1.1932,0.10076,-0.10874,0.49449,0.25451,-0.24711,-0.08918,-0.053107,0.0056383
0,0.7,-1.1304,0.10487,-0.13672,0.51954,0.24005,-0.24689,-0.089154,-0.059001,-0.00049049
0,0.7,-1.0676,0.11135,-0.16724,0.5456,0.22232,-0.24674,-0.089066,-0.068887,-0.00581
0,0.7,-1.0048,0.12252,-0.20083,0.57216,0.19951,-0.24673,-0.088774,-0.078797,-0.010116
0,0.7,-0.942,0.14184,-0.23833,0.59864,0.16958,-0.24696,-0.087892,-0.085063,-0.013224
0,0.7,-0.8792,0.17319,-0.28102,0.62496,0.13116,-0.24761,-0.085793,-0.088761,-0.014984
0,0.7,-0.8164,0.21856,-0.33031,0.6525,0.085373,-0.24886,-0.082733,-0.091555,-0.015299
0,0.7,-0.7536,0.27426,-0.38618,0.6838,0.037585,-0.25096,-0.080416,-0.094171,-0.014138
0,0.7,-0.6908,0.32882,-0.44268,0.7178,-0.0026323,-0.2541,-0.079385,-0.096803,-0.011546
0,0.7,-0.628,0.36396,-0.47878,0.7388,-0.022878,-0.25836,-0.079035,-0.099436,-0.0076454
0,0.7,-0.5652,0.35954,-0.44898,0.70546,-0.010822,-0.26352,-0.078929,-0.10196,-0.0026327
0,0.7,-0.5024,0.31168,-0.31209,0.57787,0.033361,-0.26907,-0.078899,-0.10421,0.0032351
0,0.7,-0.4396,0.25187,-0.12093,0.40576,0.085655,-0.2743,-0.078891,-0.10598,0.0096601
0,0.7,-0.3768,0.20909,0.010489,0.29863,0.12841,-0.27859,-0.078891,-0.10703,0.016327
0,0.7,-0.314,0.18218,0.06372,0.26872,0.16385,-0.28158,-0.078894,-0.10716,0.022928
0,0.7,-0.2512,0.17013,0.088867,0.25903,0.18754,-0.28323,-0.078898,-0.10619,0.029183
0,0.7,-0.1884,0.17147,0.11082,0.24485,0.19687,-0.28369,-0.078903,-0.10405,0.034862
0,0.7,-0.1256,0.17996,0.1308,0.22842,0.19672,-0.28321,-0.07891,-0.10083,0.039789
0,0.7,-0.0628,0.19109,0.14749,0.21282,0.19161,-0.28203,-0.07892,-0.096734,0.043854
0,0.7,-4.4409e-16,0.20332,0.16085,0.19833,0.1835,-0.28036,-0.078932,-0.092114,0.047002
0,0.7,0.0628,0.21664,0.17119,0.18427,0.17291,-0.27835,-0.078947,-0.087396,0.049235
0,0.7,0.1256,0.23158,0.17856,0.17016,0.1598,-0.2761,-0.078967,-0.083004,0.050595
0,0.7,0.1884,0.24856,0.18256,0.15612,0.14405,-0.27371,-0.078993,-0.079253,0.051158
0,0.7,0.2512,0.26735,0.18226,0.14303,0.12567,-0.27124,-0.079026,-0.075892,0.051019
0,0.7,0.314,0.28636,0.17692,0.13236,0.10502,-0.26873,-0.079069,-0.068688,0.050286
0,0.7,0.3768,0.3027,0.16764,0.12523,0.082663,-0.26622,-0.079124,-0.05489,0.049068
0,0.7,0.4396,0.31575,0.15836,0.12126,0.058081,-0.26373,-0.079195,-0.0511,0.047469
0,0.7,0.5024,0.33407,0.15145,0.12027,0.027907,-0.26127,-0.079286,-0.051451,0.04559
0,0.7,0.5652,0.37216,0.14237,0.12645,-0.01128,-0.25863,-0.079403,-0.052626,0.043516
0,0.7,0.628,0.43127,0.12706,0.14484,-0.055009,-0.25426,-0.079552,-0.054143,0.041324
0,0.7,0.6908,0.49188,0.11181,0.17206,-0.090544,-0.24343,-0.079743,-0.055827,0.039076
0,0.7,0.7536,0.53197,0.10686,0.19757,-0.10811,-0.2329,-0.079986,-0.05756,0.036824
0,0.7,0.8164,0.54498,0.11555,0.21363,-0.10812,-0.22898,-0.080294,-0.059257,0.03461
0,0.7,0.8792,0.53737,0.13434,0.2192,-0.096902,-0.22692,-0.080682,-0.060862,0.032464
0,0.7,0.942,0.51832,0.15827,0.21677,-0.080493,-0.22522,-0.081169,-0.06234,0.030409
0,0.7,1.0048,0.49456,0.18382,0.20919,-0.062567,-0.22364,-0.081774,-0.063673,0.028461
0,0.7,1.0676,0.46986,0.20917,0.19848,-0.04486,-0.22116,-0.082517,-0.064854,0.026631
0,0.7,1.1304,0.44607,0.23359,0.18585,-0.028023,-0.20819,-0.083418,-0.065843,0.024924
0,0.7,1.1932,0.42396,0.25694,0.17189,-0.012197,-0.19587,-0.084488,-0.065793,0.023341
0,0.7,1.256,0.40379,0.27934,0.15687,0.002682,-0.19386,-0.085729,-0.051447,0.021881
0,0.7,1.3188,0.38556,0.301,0.14084,0.016742,-0.19291,-0.08712,0.0018263,0.020542
0,0.7,1.3816,0.3692,0.32221,0.12374,0.030112,-0.19211,-0.088602,0.015679,0.019318
0,0.7,1.4444,0.35462,0.34323,0.1054,0.042898,-0.19142,-0.090067,0.016101,0.018204
0,0.7,1.5072,0.34171,0.36435,0.085618,0.055177,-0.19083,-0.091327,0.015748,0.017193
0,0.7,1.57,0.3304,0.38586,0.064101,0.066994,-0.19033,-0.092096,0.015417,0.016279
0,0.7,1.6328,0.32066,0.40804,0.04052,0.078359,-0.18992,-0.091966,0.015138,0.015454
0,0.7,1.6956,0.31247,0.43112,0.014501,0.089243,-0.18958,-0.09039,0.014906,0.014711
0,0.7,1.7584,0.3059,0.45524,-0.014326,0.099556,-0.18932,-0.086722,0.014713,0.014043
0,0.7,1.8212,0.3011,0.48027,-0.046222,0.1091,-0.18912,-0.080329,0.014554,0.013444
0,0.7,1.884,0.29832,0.50558,-0.081094,0.1175,-0.18898,-0.070838,0.014422,0.012907
0,0.7,1.9468,0.29799,0.52945,-0.11798,0.12398,-0.1889,-0.05847,0.014313,0.012425
0,0.7,2.0096,0.30069,0.5482,-0.15407,0.1271,-0.18887,-0.044253,0.014223,0.01199
0,0.7,2.0724,0.30712,0.5548,-0.183,0.12429,-0.18889,-0.02982,0.014149,0.011594
0,0.7,2.1352,0.31765,0.53791,-0.19304,0.11149,-0.18895,-0.016799,0.014089,0.011225
0,0.7,2.198,0.33131,0.48388,-0.16772,0.084105,-0.18904,-0.0062189,0.014039,0.010863
0,0.7,2.2608,0.34404,0.38616,-0.094469,0.041129,-0.18917,0.0016699,0.013998,0.010476
0,0.7,2.3236,0.34781,0.25921,0.018611,-0.0077302,-0.18933,0.0071724,0.013965,0.010004
0,0.7,2.3864,0.33269,0.13925,0.13646,-0.039147,-0.18952,0.010823,0.013938,0.0093422
0,0.7,2.4492,0.29254,0.06315,0.21727,-0.0262,-0.18973,0.013155,0.013915,0.0083018
0,0.7,2.512,0.23378,0.04597,0.24152,0.038588,-0.18997,0.0146,0.013897,0.0065843
0,0.7,2.5748,0.17815,0.073776,0.22321,0.12608,-0.19022,0.015473,0.013882,0.0038054
0,0.7,2.6376,0.14596,0.11846,0.19144,0.1939,-0.1905,0.015985,0.01387,-0.00030442
0,0.7,2.7004,0.14031,0.16093,0.16406,0.22424,-0.19079,0.016277,0.01386,-0.0055025
0,0.7,2.7632,0.15307,0.19545,0.14464,0.22419,-0.19109,0.016435,0.013852,-0.010862
0,0.7,2.826,0.17431,0.22137,0.132,0.2087,-0.19141,0.016515,0.013846,-0.015327
0,0.7,2.8888,0.19566,0.23872,0.12499,0.19109,-0.19174,0.016551,0.013841,-0.018435
0,0.7,2.9516,0.21173,0.2484,0.12255,0.17878,-0.19207,0.016561,0.013836,-0.020345
0,0.7,3.0144,0.22079,0.25244,0.12326,0.17308,-0.19242,0.016559,0.013833,-0.021435
0,0.7,3.0772,0.22345,0.25294,0.12576,0.1722,-0.19278,0.016551,0.01383,-0.022039
0,0.7,3.14,0.22108,0.25134,0.12892,0.17405,-0.19314,0.01654,0.013828,-0.022372
0,0.8,-3.14,0.20625,0.24889,0.12843,0.1821,-0.24235,-0.084209,-0.044372,0.1256
0,0.8,-3.0772,0.20133,0.24687,0.12949,0.18442,-0.24262,-0.085413,-0.044375,0.12388
0,0.8,-3.0144,0.19328,0.24425,0.12869,0.18827,-0.24288,-0.086359,-0.044378,0.12252
0,0.8,-2.9516,0.18255,0.24194,0.1246,0.19358,-0.24314,-0.087087,-0.044381,0.12134
0,0.8,-2.8888,0.16905,0.24098,0.11605,0.20034,-0.24339,-0.087638,-0.044386,0.12024
0,0.8,-2.826,0.15173,0.24137,0.10395,0.20818,-0.24365,-0.088051,-0.044391,0.11913
0,0.8,-2.7632,0.12722,0.23771,0.095295,0.21797,-0.2439,-0.088357,-0.044398,0.11796
0,0.8,-2.7004,0.087504,0.21369,0.10604,0.24002,-0.24415,-0.088583,-0.044407,0.11668
0,0.8,-2.6376,0.024686,0.15327,0.14899,0.30232,-0.2444,-0.088749,-0.044417,0.11528
0,0.8,-2.5748,-0.047491,0.08275,0.2017,0.42064,-0.24464,-0.08887,-0.04443,0.11371
0,0.8,-2.512,-0.095068,0.059913,0.21862,0.5447,-0.24487,-0.088959,-0.044446,0.11196
0,0.8,-2.4492,-0.11137,0.082162,0.20263,0.61774,-0.2451,-0.089023,-0.044465,0.11
0,0.8,-2.3864,-0.10997,0.1106,0.18575,0.63901,-0.24532,-0.089069,-0.044489,0.10782
0,0.8,-2.3236,-0.098057,0.12845,0.1818,0.62735,-0.24552,-0.089103,-0.044519,0.10537
0,0.8,-2.2608,-0.079085,0.13599,0.18919,0.59818,-0.24572,-0.089128,-0.044555,0.10265
0,0.8,-2.198,-0.056639,0.13675,0.20289,0.56201,-0.24591,-0.089146,-0.044599,0.099623
0,0.8,-2.1352,-0.033802,0.13329,0.2192,0.5251,-0.24609,-0.089159,-0.044653,0.096265
0,0.8,-2.0724,-0.012473,0.12701,0.2362,0.4906,-0.24624,-0.089168,-0.044719,0.092553
0,0.8,-2.0096,0.0064992,0.11868,0.2531,0.45966,-0.24639,-0.089175,-0.044799,0.088464
0,0.8,-1.9468,0.022907,0.10871,0.26967,0.43244,-0.24651,-0.08918,-0.044898,0.08398
0,0.8,-1.884,0.036871,0.09738,0.28594,0.40865,-0.24661,-0.089183,-0.045018,0.079084
0,0.8,-1.8212,0.048642,0.084848,0.30205,0.38783,-0.24669,-0.089186,-0.045164,0.073768
0,0.8,-1.7584,0.058512,0.071217,0.31816,0.36952,-0.24674,-0.089188,-0.045341,0.068033
0,0.8,-1.6956,0.066757,0.056539,0.33443,0.35328,-0.24676,-0.089189,-0.045556,0.061888
0,0.8,-1.6328,0.073631,0.040829,0.35101,0.33872,-0.24675,-0.08919,-0.045816,0.05536
0,0.8,-1.57,0.079351,0.024066,0.36808,0.32549,-0.24671,-0.089191,-0.046131,0.048488
0,0.8,-1.5072,0.084106,0.0062028,0.38576,0.31329,-0.24663,-0.089191,-0.04651,0.041337
0,0.8,-1.4444,0.088065,-0.012839,0.40422,0.30182,-0.24652,-0.089192,-0.046967,0.03399
0,0.8,-1.3816,0.091386,-0.033164,0.4236,0.29079,-0.24638,-0.089192,-0.047514,0.026558
0,0.8,-1.3188,0.09425,-0.054901,0.44404,0.27985,-0.24621,-0.089192,-0.048169,0.019178
0,0.8,-1.256,0.096902,-0.078208,0.46563,0.26859,-0.24603,-0.089191,-0.048955,0.01201
0,0.8,-1.1932,0.09974,-0.10327,0.48843,0.25643,-0.24586,-0.089187,-0.049906,0.0052399
0,0.8,-1.1304,0.10345,-0.13032,0.51237,0.24255,-0.24574,-0.089173,-0.051096,-0.00093127
0,0.8,-1.0676,0.10925,-0.15964,0.53719,0.22577,-0.24572,-0.089124,-0.052717,-0.0062942
0,0.8,-1.0048,0.11916,-0.19167,0.56243,0.20453,-0.2459,-0.088964,-0.055332,-0.010644
0,0.8,-0.942,0.13613,-0.22706,0.58756,0.17703,-0.24641,-0.088452,-0.060328,-0.013794
0,0.8,-0.8792,0.16356,-0.26681,0.61246,0.14203,-0.24742,-0.087039,-0.069426,-0.015593
0,0.8,-0.8164,0.20329,-0.31198,0.63813,0.10039,-0.24917,-0.084309,-0.080642,-0.015945
0,0.8,-0.7536,0.25258,-0.36239,0.66647,0.056568,-0.25188,-0.081416,-0.089006,-0.014815
0,0.8,-0.6908,0.3021,-0.41305,0.69662,0.018718,-0.25571,-0.07978,-0.094016,-0.012247
0,0.8,-0.628,0.33689,-0.44732,0.71662,-0.0028077,-0.26058,-0.079162,-0.097463,-0.0083634
0,0.8,-0.5652,0.34069,-0.42993,0.69447,0.0017568,-0.26613,-0.078965,-0.10033,-0.0033595
0,0.8,-0.5024,0.30793,-0.32305,0.59287,0.033622,-0.27172,-0.078906,-0.10287,0.0025083
0,0.8,-0.4396,0.25873,-0.15151,0.43426,0.076764,-0.27666,-0.078889,-0.10502,0.008942
0,0.8,-0.3768,0.21915,-0.01147,0.31274,0.11511,-0.28042,-0.078885,-0.10659,0.015626
0,0.8,-0.314,0.19256,0.054075,0.26805,0.14855,-0.28283,-0.078885,-0.10736,0.022251
0,0.8,-0.2512,0.17758,0.08136,0.2573,0.17412,-0.28395,-0.078886,-0.10714,0.028537
0,0.8,-0.1884,0.1747,0.10152,0.24666,0.18719,-0.284,-0.078888,-0.10578,0.034252
0,0.8,-0.1256,0.18017,0.1203,0.2323,0.18993,-0.28322,-0.078891,-0.10326,0.03922
0,0.8,-0.0628,0.18977,0.13664,0.21722,0.18644,-0.28184,-0.078894,-0.099712,0.043326
0,0.8,-4.4409e-16,0.20134,0.14995,0.20269,0.17918,-0.28004,-0.078899,-0.095391,0.046518
0,0.8,0.0628,0.21426,0.16019,0.18869,0.16914,-0.27794,-0.078905,-0.090685,0.048794
0,0.8,0.1256,0.22857,0.16726,0.17509,0.15659,-0.27564,-0.078912,-0.086027,0.050196
0,0.8,0.1884,0.24427,0.1708,0.16213,0.14161,-0.27321,-0.078922,-0.081804,0.0508
0,0.8,0.2512,0.26077,0.17023,0.15059,0.12432,-0.2707,-0.078934,-0.078038,0.0507
0,0.8,0.314,0.27654,0.16559,0.14145,0.10495,-0.26816,-0.07895,-0.07191,0.050002
0,0.8,0.3768,0.2899,0.15866,0.13515,0.083508,-0.26561,-0.078969,-0.057528,0.048817
0,0.8,0.4396,0.30275,0.15254,0.13131,0.058635,-0.26309,-0.078995,-0.051386,0.047249
0,0.8,0.5024,0.32431,0.14754,0.13086,0.027141,-0.26062,-0.079026,-0.051064,0.045396
0,0.8,0.5652,0.36501,0.13935,0.13797,-0.012355,-0.25819,-0.079065,-0.051905,0.043347
0,0.8,0.628,0.42219,0.12623,0.15574,-0.053891,-0.25561,-0.079114,-0.053218,0.041176
0,0.8,0.6908,0.47782,0.11451,0.18007,-0.086031,-0.25138,-0.079173,-0.054795,0.038948
0,0.8,0.7536,0.51419,0.11224,0.20214,-0.10125,-0.24076,-0.079243,-0.056495,0.036713
0,0.8,0.8164,0.52658,0.12165,0.21589,-0.10059,-0.23013,-0.079324,-0.058213,0.034514
0,0.8,0.8792,0.52055,0.13978,0.22053,-0.089722,-0.22619,-0.079414,-0.059874,0.032381
0,0.8,0.942,0.50389,0.16255,0.21804,-0.073973,-0.22419,-0.079505,-0.06143,0.030337
0,0.8,1.0048,0.48251,0.18697,0.21077,-0.056677,-0.22254,-0.079586,-0.062851,0.028399
0,0.8,1.0676,0.45989,0.21143,0.20046,-0.039477,-0.22053,-0.079628,-0.064122,0.026578
0,0.8,1.1304,0.4378,0.23522,0.18818,-0.023032,-0.21128,-0.079586,-0.065162,0.024878
0,0.8,1.1932,0.41707,0.25814,0.1745,-0.0075134,-0.19555,-0.079379,-0.064455,0.023301
0,0.8,1.256,0.39801,0.28026,0.15969,0.0071126,-0.19254,-0.078877,-0.04189,0.021847
0,0.8,1.3188,0.38071,0.30174,0.14384,0.02095,-0.19149,-0.077872,0.0083143,0.020513
0,0.8,1.3816,0.36513,0.3228,0.12689,0.034112,-0.19064,-0.076053,0.016442,0.019293
0,0.8,1.4444,0.3512,0.3437,0.10871,0.046689,-0.1899,-0.072986,0.016415,0.018183
0,0.8,1.5072,0.33886,0.36468,0.089107,0.058747,-0.18927,-0.068131,0.015995,0.017175
0,0.8,1.57,0.32806,0.38602,0.067832,0.070318,-0.18872,-0.060952,0.015623,0.016263
0,0.8,1.6328,0.31876,0.40798,0.044576,0.0814,-0.18827,-0.051148,0.01531,0.01544
0,0.8,1.6956,0.31099,0.43076,0.018997,0.091947,-0.1879,-0.03898,0.015049,0.0147
0,0.8,1.7584,0.30481,0.45449,-0.0092419,0.10185,-0.1876,-0.025473,0.014832,0.014034
0,0.8,1.8212,0.30037,0.47904,-0.040374,0.11089,-0.18737,-0.012205,0.014652,0.013437
0,0.8,1.884,0.29795,0.50384,-0.074315,0.11865,-0.18721,-0.00070339,0.014503,0.012903
0,0.8,1.9468,0.29798,0.52732,-0.11022,0.12438,-0.1871,0.0081375,0.01438,0.012426
0,0.8,2.0096,0.30102,0.54621,-0.14563,0.12667,-0.18705,0.014198,0.014279,0.011999
0,0.8,2.0724,0.30777,0.55433,-0.1751,0.12312,-0.18704,0.017894,0.014195,0.011618
0,0.8,2.1352,0.31856,0.54156,-0.18851,0.11007,-0.18708,0.019843,0.014126,0.011278
0,0.8,2.198,0.33241,0.49503,-0.17109,0.083441,-0.18716,0.020632,0.01407,0.010972
0,0.8,2.2608,0.34522,0.40621,-0.10951,0.042332,-0.18727,0.020721,0.014023,0.010693
0,0.8,2.3236,0.34856,0.28387,-0.0062309,-0.0041911,-0.18742,0.020429,0.013986,0.010433
0,0.8,2.3864,0.33194,0.16,0.11014,-0.033537,-0.1876,0.019963,0.013954,0.010176
0,0.8,2.4492,0.28979,0.074178,0.19796,-0.019608,-0.1878,0.019446,0.013929,0.0098965
0,0.8,2.512,0.23003,0.046984,0.2326,0.04381,-0.18802,0.018946,0.013908,0.0095493
0,0.8,2.5748,0.17373,0.067838,0.22275,0.12931,-0.18827,0.018494,0.013892,0.0090494
0,0.8,2.6376,0.1393,0.10942,0.19512,0.1982,-0.18854,0.018105,0.013878,0.0082444
0,0.8,2.7004,0.13001,0.1512,0.16885,0.23259,-0.18882,0.017778,0.013867,0.00688
0,0.8,2.7632,0.13885,0.18575,0.14964,0.23713,-0.18912,0.01751,0.013857,0.0045932
0,0.8,2.826,0.15686,0.21206,0.137,0.22477,-0.18943,0.017292,0.01385,0.0010333
0,0.8,2.8888,0.1765,0.23047,0.12957,0.20771,-0.18975,0.017117,0.013844,-0.0037946
0,0.8,2.9516,0.1926,0.24181,0.12616,0.19367,-0.19009,0.016978,0.013839,-0.0091934
0,0.8,3.0144,0.20285,0.24758,0.1256,0.18529,-0.19043,0.016868,0.013835,-0.014054
0,0.8,3.0772,0.20716,0.24949,0.1267,0.18195,-0.19079,0.016782,0.013832,-0.017646
0,0.8,3.14,0.2064,0.24896,0.12835,0.18203,-0.19115,0.016714,0.013829,-0.019935
0,0.9,-3.14,0.18731,0.24351,0.12845,0.19638,-0.24102,-0.088456,-0.044371,0.12332
0,0.9,-3.0772,0.18337,0.24242,0.12785,0.19801,-0.24128,-0.088656,-0.044373,0.12247
0,0.9,-3.0144,0.17578,0.24058,0.12537,0.20207,-0.24153,-0.088802,-0.044376,0.12165
0,0.9,-2.9516,0.16472,0.23878,0.11994,0.20842,-0.24178,-0.088909,-0.044379,0.12082
0,0.9,-2.8888,0.14975,0.23744,0.11124,0.21707,-0.24203,-0.088987,-0.044383,0.11992
0,0.9,-2.826,0.12921,0.2349,0.10165,0.22841,-0.24228,-0.089043,-0.044388,0.11893
0,0.9,-2.7632,0.099062,0.22381,0.099086,0.2458,-0.24252,-0.089084,-0.044394,0.11783
0,0.9,-2.7004,0.052923,0.18989,0.11679,0.28151,-0.24276,-0.089114,-0.044401,0.1166
0,0.9,-2.6376,-0.0099322,0.12764,0.1598,0.35619,-0.243,-0.089136,-0.04441,0.11522
0,0.9,-2.5748,-0.069731,0.069903,0.20277,0.46753,-0.24323,-0.089151,-0.044422,0.11367
0,0.9,-2.512,-0.10174,0.058597,0.21294,0.56722,-0.24346,-0.089163,-0.044435,0.11193
0,0.9,-2.4492,-0.10815,0.081855,0.19931,0.61964,-0.24368,-0.089171,-0.044452,0.10997
0,0.9,-2.3864,-0.10117,0.10832,0.18697,0.63002,-0.24389,-0.089177,-0.044473,0.10778
0,0.9,-2.3236,-0.086462,0.12558,0.18554,0.61428,-0.24409,-0.089181,-0.044499,0.10534
0,0.9,-2.2608,-0.066955,0.13374,0.19336,0.58501,-0.24429,-0.089184,-0.044531,0.10261
0,0.9,-2.198,-0.045432,0.13549,0.20645,0.5506,-0.24447,-0.089187,-0.044569,0.099576
0,0.9,-2.1352,-0.024163,0.13293,0.22184,0.51603,-0.24464,-0.089188,-0.044617,0.096211
0,0.9,-2.0724,-0.0045157,0.12736,0.23795,0.48377,-0.2448,-0.08919,-0.044675,0.092491
0,0.9,-2.0096,0.012908,0.11955,0.25409,0.45472,-0.24494,-0.08919,-0.044746,0.088392
0,0.9,-1.9468,0.027985,0.10999,0.27003,0.42902,-0.24506,-0.089191,-0.044832,0.083896
0,0.9,-1.884,0.040839,0.098989,0.28577,0.4064,-0.24516,-0.089191,-0.044938,0.078988
0,0.9,-1.8212,0.051697,0.08674,0.30142,0.38649,-0.24524,-0.089192,-0.045067,0.073658
0,0.9,-1.7584,0.060816,0.073374,0.31711,0.36886,-0.2453,-0.089192,-0.045223,0.067905
0,0.9,-1.6956,0.068444,0.058961,0.33296,0.35314,-0.24532,-0.089192,-0.045413,0.061741
0,0.9,-1.6328,0.074808,0.043531,0.34914,0.33896,-0.24532,-0.089192,-0.045644,0.055191
0,0.9,-1.57,0.080103,0.027078,0.36576,0.32603,-0.24529,-0.089192,-0.045923,0.048295
0,0.9,-1.5072,0.084503,0.0095643,0.38296,0.31405,-0.24523,-0.089192,-0.04626,0.041117
0,0.9,-1.4444,0.088159,-0.0090725,0.40088,0.30277,-0.24514,-0.089192,-0.046665,0.03374
0,0.9,-1.3816,0.091218,-0.02892,0.41964,0.29191,-0.24503,-0.089192,-0.047152,0.026275
0,0.9,-1.3188,0.093843,-0.050086,0.43934,0.28117,-0.2449,-0.089192,-0.047736,0.018859
0,0.9,-1.256,0.096258,-0.072701,0.46009,0.27016,-0.24478,-0.089192,-0.048432,0.011653
0,0.9,-1.1932,0.098813,-0.096914,0.48189,0.25838,-0.24468,-0.089189,-0.049259,0.0048417
0,0.9,-1.1304,0.10212,-0.1229,0.50469,0.2451,-0.24467,-0.089182,-0.050237,-0.0013719
0,0.9,-1.0676,0.10722,-0.15089,0.52824,0.2293,-0.2448,-0.089156,-0.051391,-0.0067781
0,0.9,-1.0048,0.11583,-0.1812,0.55214,0.20961,-0.2452,-0.089069,-0.052749,-0.011171
0,0.9,-0.942,0.13048,-0.21432,0.57592,0.1845,-0.24603,-0.088781,-0.054364,-0.014363
0,0.9,-0.8792,0.15404,-0.251,0.59942,0.15286,-0.24747,-0.087913,-0.056359,-0.016203
0,0.9,-0.8164,0.18825,-0.292,0.62336,0.11525,-0.24978,-0.085835,-0.059093,-0.01659
0,0.9,-0.7536,0.23122,-0.33708,0.64909,0.075247,-0.25315,-0.082778,-0.063556,-0.015491
0,0.9,-0.6908,0.27566,-0.38222,0.67601,0.039578,-0.25763,-0.08044,-0.071567,-0.012948
0,0.9,-0.628,0.30968,-0.41468,0.69526,0.016723,-0.26302,-0.079392,-0.083098,-0.0090814
0,0.9,-0.5652,0.32027,-0.40778,0.68273,0.014423,-0.2688,-0.079035,-0.093323,-0.0040861
0,0.9,-0.5024,0.30118,-0.32868,0.60556,0.034694,-0.27425,-0.078926,-0.09957,0.0017816
0,0.9,-0.4396,0.26359,-0.18182,0.46605,0.067921,-0.27875,-0.078893,-0.10324,0.008224
0,0.9,-0.3768,0.22843,-0.03917,0.33553,0.10114,-0.28195,-0.078884,-0.10562,0.014925
0,0.9,-0.314,0.20304,0.040334,0.27255,0.13189,-0.28379,-0.078882,-0.10707,0.021574
0,0.9,-0.2512,0.1866,0.073161,0.25566,0.15804,-0.28444,-0.078881,-0.10757,0.027892
0,0.9,-0.1884,0.18011,0.092401,0.2472,0.17436,-0.28413,-0.078882,-0.10699,0.033642
0,0.9,-0.1256,0.18212,0.10951,0.23565,0.18047,-0.28312,-0.078882,-0.10524,0.038649
0,0.9,-0.0628,0.18942,0.12495,0.22201,0.17934,-0.28158,-0.078883,-0.10235,0.042798
0,0.9,-4.4409e-16,0.1996,0.13783,0.20809,0.17355,-0.27968,-0.078885,-0.098501,0.046033
0,0.9,0.0628,0.21152,0.14776,0.19458,0.16451,-0.27751,-0.078886,-0.094,0.048352
0,0.9,0.1256,0.22471,0.15448,0.18175,0.15283,-0.27517,-0.078887,-0.089257,0.049797
0,0.9,0.1884,0.23875,0.15772,0.16997,0.1388,-0.27271,-0.078888,-0.084695,0.050442
0,0.9,0.2512,0.25284,0.15736,0.15982,0.12256,-0.27018,-0.078889,-0.080519,0.05038
0,0.9,0.314,0.26582,0.15409,0.15181,0.10416,-0.26762,-0.078889,-0.075024,0.049719
0,0.9,0.3768,0.27749,0.14988,0.14598,0.083045,-0.26504,-0.078886,-0.061123,0.048566
0,0.9,0.4396,0.29157,0.14664,0.14235,0.057424,-0.26249,-0.078879,-0.052191,0.047028
0,0.9,0.5024,0.3166,0.14324,0.14262,0.024872,-0.25999,-0.078864,-0.050973,0.045203
0,0.9,0.5652,0.35896,0.13626,0.15043,-0.014044,-0.25754,-0.078837,-0.051387,0.043178
0,0.9,0.628,0.41322,0.12575,0.16715,-0.052558,-0.25515,-0.078787,-0.052423,0.041029
0,0.9,0.6908,0.46349,0.11758,0.18844,-0.080879,-0.25263,-0.0787,-0.053832,0.03882
0,0.9,0.7536,0.49599,0.11782,0.20711,-0.093559,-0.24853,-0.078553,-0.055452,0.036602
0,0.9,0.8164,0.50755,0.12791,0.21856,-0.092117,-0.23814,-0.078305,-0.057157,0.034417
0,0.9,0.8792,0.50289,0.14541,0.22217,-0.081536,-0.22742,-0.077895,-0.058852,0.032297
0,0.9,0.942,0.48852,0.16704,0.21951,-0.066449,-0.22346,-0.077224,-0.060472,0.030265
0,0.9,1.0048,0.4695,0.19033,0.21246,-0.049822,-0.2215,-0.076141,-0.061975,0.028337
0,0.9,1.0676,0.44899,0.21385,0.20248,-0.033184,-0.21967,-0.074414,-0.063333,0.026524
0,0.9,1.1304,0.42868,0.23694,0.19053,-0.017188,-0.21355,-0.071709,-0.064393,0.024832
0,0.9,1.1932,0.40941,0.25936,0.17713,-0.0020296,-0.1961,-0.06757,-0.062474,0.023262
0,0.9,1.256,0.39156,0.28112,0.16256,0.012295,-0.19132,-0.061444,-0.029878,0.021813
0,0.9,1.3188,0.37526,0.30233,0.14689,0.025865,-0.19011,-0.052797,0.012624,0.020484
0,0.9,1.3816,0.36052,0.32319,0.13012,0.038775,-0.1892,-0.041354,0.01706,0.019268
0,0.9,1.4444,0.34732,0.3439,0.11213,0.0511,-0.18842,-0.027436,0.016753,0.018161
0,0.9,1.5072,0.33561,0.36469,0.092756,0.062894,-0.18773,-0.01215,0.016271,0.017157
0,0.9,1.57,0.32535,0.38581,0.071765,0.074176,-0.18715,0.0028288,0.015854,0.016248
0,0.9,1.6328,0.31655,0.40748,0.04888,0.08493,-0.18665,0.015879,0.015503,0.015427
0,0.9,1.6956,0.30922,0.42991,0.023789,0.095096,-0.18624,0.026012,0.01521,0.014688
0,0.9,1.7584,0.30344,0.4532,-0.003815,0.10455,-0.18591,0.03302,0.014966,0.014024
0,0.9,1.8212,0.29939,0.47724,-0.034147,0.11304,-0.18565,0.037244,0.014763,0.013429
0,0.9,1.884,0.29733,0.50151,-0.067144,0.12016,-0.18546,0.039251,0.014595,0.012896
0,0.9,1.9468,0.29769,0.52462,-0.10209,0.12513,-0.18532,0.039617,0.014456,0.01242
0,0.9,2.0096,0.30105,0.54373,-0.13692,0.12664,-0.18525,0.038834,0.014341,0.011995
0,0.9,2.0724,0.30804,0.55347,-0.16707,0.12245,-0.18522,0.037291,0.014247,0.011617
0,0.9,2.1352,0.319,0.54497,-0.18403,0.1093,-0.18523,0.035291,0.014169,0.01128
0,0.9,2.198,0.333,0.50634,-0.17483,0.08357,-0.18529,0.03307,0.014105,0.01098
0,0.9,2.2608,0.346,0.42757,-0.12594,0.044445,-0.18539,0.030804,0.014052,0.010713
0,0.9,2.3236,0.34944,0.31195,-0.034725,0.00020903,-0.18552,0.028623,0.014009,0.010474
0,0.9,2.3864,0.33217,0.1859,0.077716,-0.027574,-0.18568,0.02661,0.013974,0.010261
0,0.9,2.4492,0.28864,0.090049,0.17182,-0.013424,-0.18587,0.024817,0.013945,0.010066
0,0.9,2.512,0.22772,0.051099,0.21795,0.048406,-0.18609,0.023261,0.013921,0.0098836
