0,0,-3.14,0.23277,0.22611,0.16749,0.18176,0.049058,-0.42097,-0.35785,-1.298
0,0,-3.0772,0.2174,0.2175,0.1788,0.19198,0.048993,-0.39638,-0.35781,-1.2968
0,0,-3.0144,0.20187,0.20792,0.1871,0.20143,0.048923,-0.37135,-0.35777,-1.2955
0,0,-2.9516,0.18723,0.19829,0.19053,0.21015,0.048847,-0.34591,-0.35773,-1.2941
0,0,-2.8888,0.17361,0.19014,0.18653,0.21935,0.048763,-0.32008,-0.35768,-1.2927
0,0,-2.826,0.15948,0.18663,0.17042,0.23245,0.04867,-0.2939,-0.35762,-1.2911
0,0,-2.7632,0.14356,0.19855,0.13151,0.25229,0.048563,-0.2674,-0.35756,-1.2894
0,0,-2.7004,0.13558,0.2513,0.062103,0.25527,0.048441,-0.2406,-0.35749,-1.2877
0,0,-2.6376,0.14739,0.32379,0.029399,0.1803,0.048297,-0.21355,-0.3574,-1.2858
0,0,-2.5748,0.10822,0.29756,0.13359,0.13555,0.048127,-0.18626,-0.35731,-1.2837
0,0,-2.512,-0.029079,0.20463,0.26407,0.32708,0.047922,-0.15877,-0.3572,-1.2816
0,0,-2.4492,-0.13747,0.18637,0.26271,0.56807,0.047673,-0.13111,-0.35708,-1.2792
0,0,-2.3864,-0.17787,0.20401,0.20884,0.67731,0.047367,-0.10329,-0.35694,-1.2766
0,0,-2.3236,-0.18181,0.20554,0.17756,0.69461,0.046989,-0.075355,-0.35678,-1.2737
0,0,-2.2608,-0.16209,0.19229,0.17445,0.66529,0.046517,-0.047313,-0.3566,-1.2705
0,0,-2.198,-0.12919,0.17488,0.18729,0.61666,0.045923,-0.019189,-0.3564,-1.2669
0,0,-2.1352,-0.092894,0.15823,0.20629,0.56487,0.045173,0.0089994,-0.35617,-1.2627
0,0,-2.0724,-0.05886,0.14305,0.2267,0.51729,0.044221,0.037237,-0.35591,-1.2577
0,0,-2.0096,-0.029195,0.12876,0.24681,0.47608,0.043009,0.065514,-0.35562,-1.2517
0,0,-1.9468,-0.0041749,0.11469,0.26624,0.44119,0.041458,0.093823,-0.35529,-1.244
0,0,-1.884,0.01664,0.10039,0.28509,0.41178,0.039472,0.12216,-0.35491,-1.2342
0,0,-1.8212,0.033875,0.085542,0.30359,0.38693,0.03692,0.15053,-0.3545,-1.2212
0,0,-1.7584,0.048138,0.069977,0.32202,0.36575,0.033639,0.17895,-0.35405,-1.2036
0,0,-1.6956,0.059952,0.05357,0.3406,0.34752,0.029415,0.20743,-0.35356,-1.1796
0,0,-1.6328,0.069747,0.036222,0.35959,0.33163,0.023978,0.23599,-0.35306,-1.1463
0,0,-1.57,0.077867,0.017839,0.3792,0.31756,0.01698,0.26467,-0.35259,-1.1003
0,0,-1.5072,0.084583,-0.0016812,0.39968,0.30488,0.007987,0.29351,-0.3522,-1.0373
0,0,-1.4444,0.090112,-0.02246,0.42128,0.29315,-0.0035424,0.32257,-0.35202,-0.95261
0,0,-1.3816,0.094644,-0.044643,0.44426,0.28194,-0.018269,0.35191,-0.35225,-0.84248
0,0,-1.3188,0.09838,-0.06841,0.4689,0.27074,-0.036982,0.38161,-0.35322,-0.70668
0,0,-1.256,0.10161,-0.09398,0.49551,0.25888,-0.06059,0.41176,-0.3555,-0.55193
0,0,-1.1932,0.10485,-0.12163,0.52429,0.24543,-0.090093,0.44246,-0.35992,-0.39563
0,0,-1.1304,0.10915,-0.15174,0.55532,0.22896,-0.12653,0.47382,-0.36775,-0.26673
0,0,-1.0676,0.11661,-0.18487,0.5883,0.20727,-0.17088,0.50593,-0.38068,-0.20058
0,0,-1.0048,0.13119,-0.22198,0.62242,0.1772,-0.22394,0.53883,-0.40057,-0.22452
0,0,-0.942,0.15933,-0.26481,0.65656,0.13492,-0.28613,0.57229,-0.42824,-0.33057
0,0,-0.8792,0.20866,-0.31631,0.69076,0.077744,-0.35731,0.60466,-0.46036,-0.43246
0,0,-0.8164,0.28244,-0.38049,0.72938,0.0077874,-0.4364,0.62711,-0.48362,-0.34107
0,0,-0.7536,0.37245,-0.46059,0.78154,-0.066211,-0.52095,0.60203,-0.47149,0.0722
0,0,-0.6908,0.45827,-0.55201,0.85039,-0.13099,-0.60642,0.4764,-0.40365,0.53865
0,0,-0.628,0.5053,-0.61545,0.90079,-0.16396,-0.68531,0.36785,-0.30397,0.68147
0,0,-0.5652,0.45786,-0.5293,0.8144,-0.12094,-0.74647,0.34379,-0.21203,0.53066
0,0,-0.5024,0.32291,-0.24436,0.54903,-0.00063893,-0.77533,0.32319,-0.12114,0.28809
0,0,-0.4396,0.21768,-0.016714,0.35557,0.10372,-0.75628,0.22267,-0.0034397,0.072026
0,0,-0.3768,0.16367,0.062047,0.30754,0.17035,-0.67852,-0.070905,0.14615,-0.08606
0,0,-0.314,0.14442,0.093692,0.29008,0.20866,-0.5452,-0.54002,0.30551,-0.19217
0,0,-0.2512,0.15184,0.1243,0.26255,0.2202,-0.38164,-0.68013,0.44486,-0.26069
0,0,-0.1884,0.16759,0.151,0.23766,0.21894,-0.23456,-0.47429,0.53561,-0.304
0,0,-0.1256,0.18229,0.17176,0.21944,0.21385,-0.15681,-0.33645,0.50705,-0.33084
0,0,-0.0628,0.19498,0.18793,0.20524,0.20699,-0.18259,-0.12884,0.22782,-0.34718
0,0,-4.4409e-16,0.20694,0.20075,0.19236,0.1983,-0.30395,0.30125,-0.24179,-0.35745
0,0,0.0628,0.21968,0.21087,0.17901,0.18734,-0.44569,0.8781,-0.547,-0.3655
0,0,0.1256,0.23487,0.21869,0.16397,0.17347,-0.42645,0.95892,-0.57967,-0.37531
0,0,0.1884,0.25456,0.22427,0.1465,0.15576,-0.04683,0.50009,-0.48294,-0.39148
0,0,0.2512,0.281,0.2267,0.12678,0.13315,0.44481,0.23062,-0.36869,-0.41915
0,0,0.314,0.31551,0.22298,0.10699,0.10504,0.61899,0.22648,-0.28344,-0.46275
0,0,0.3768,0.35516,0.20865,0.09199,0.072663,0.54448,0.33147,-0.24532,-0.52306
0,0,0.4396,0.38786,0.18444,0.085697,0.041282,0.39884,0.47112,-0.26569,-0.5936
0,0,0.5024,0.40354,0.16484,0.082465,0.01629,0.25747,0.6219,-0.35536,-0.66031
0,0,0.5652,0.4296,0.15558,0.079106,-0.012913,0.13952,0.77566,-0.51779,-0.70697
0,0,0.628,0.4956,0.13527,0.095151,-0.057917,0.046052,0.92269,-0.7234,-0.72253
0,0,0.6908,0.57448,0.10367,0.13618,-0.10303,-0.026543,1.0077,-0.87009,-0.70396
0,0,0.7536,0.62353,0.084982,0.17926,-0.12724,-0.08249,0.77844,-0.80866,-0.65392
0,0,0.8164,0.63088,0.090492,0.20499,-0.12786,-0.12554,0.35395,-0.54793,-0.57735
0,0,0.8792,0.60996,0.11313,0.21207,-0.11432,-0.15874,0.3233,-0.3376,-0.47937
0,0,0.942,0.5768,0.14252,0.20722,-0.095351,-0.18448,0.4344,-0.32209,-0.3648
0,0,1.0048,0.54105,0.17242,0.19642,-0.075519,-0.2046,0.5586,-0.42807,-0.23828
0,0,1.0676,0.50695,0.20041,0.183,-0.056543,-0.22046,0.67691,-0.55717,-0.10444
0,0,1.1304,0.47596,0.22604,0.16847,-0.03887,-0.23312,0.78677,-0.66455,0.03209
0,0,1.1932,0.4483,0.24961,0.15335,-0.022467,-0.24333,0.88776,-0.74084,0.16687
0,0,1.256,0.42376,0.27164,0.13771,-0.0071608,-0.25167,0.97987,-0.78953,0.29597
0,0,1.3188,0.402,0.29266,0.1214,0.0072456,-0.25857,1.0633,-0.81673,0.41628
0,0,1.3816,0.38273,0.31314,0.10418,0.02093,-0.26434,1.1383,-0.828,0.52567
0,0,1.4444,0.36569,0.33351,0.085723,0.03404,-0.26922,1.2054,-0.82774,0.62302
0,0,1.5072,0.35065,0.35418,0.065679,0.046697,-0.27341,1.2651,-0.81932,0.70813
0,0,1.57,0.33749,0.37554,0.043618,0.058996,-0.27707,1.3178,-0.80528,0.78145
0,0,1.6328,0.32611,0.39799,0.019031,0.071016,-0.28031,1.3641,-0.78756,0.84394
0,0,1.6956,0.31647,0.42191,-0.0086844,0.08282,-0.28325,1.4046,-0.76763,0.89681
0,0,1.7584,0.30859,0.44762,-0.04021,0.094448,-0.28597,1.4398,-0.74658,0.94134
0,0,1.8212,0.30261,0.47522,-0.07623,0.10589,-0.28854,1.4703,-0.72524,0.97882
0,0,1.884,0.29877,0.50426,-0.11716,0.11698,-0.29101,1.4965,-0.70419,1.0104
0,0,1.9468,0.29751,0.53287,-0.16243,0.12722,-0.29341,1.5188,-0.68386,1.0372
0,0,2.0096,0.29949,0.55618,-0.20868,0.13521,-0.29575,1.5378,-0.66452,1.0601
0,0,2.0724,0.30558,0.56336,-0.24616,0.13768,-0.29804,1.5537,-0.64637,1.0798
0,0,2.1352,0.31649,0.53519,-0.25372,0.12818,-0.30029,1.567,-0.62949,1.097
0,0,2.198,0.33157,0.45074,-0.20141,0.098046,-0.30248,1.5778,-0.61392,1.1122
0,0,2.2608,0.34766,0.31415,-0.078301,0.044443,-0.30462,1.5866,-0.59966,1.1258
0,0,2.3236,0.35982,0.17169,0.075186,-0.01968,-0.3067,1.5935,-0.58667,1.1382
0,0,2.3864,0.36106,0.071897,0.1971,-0.069414,-0.30871,1.5988,-0.5749,1.1497
0,0,2.4492,0.33629,0.030999,0.25323,-0.07178,-0.31065,1.6026,-0.56428,1.1604
0,0,2.512,0.27394,0.047295,0.2418,0.0014228,-0.31252,1.6051,-0.55472,1.1705
0,0,2.5748,0.20859,0.097597,0.19903,0.10695,-0.31431,1.6066,-0.54615,1.1802
0,0,2.6376,0.18173,0.14711,0.16458,0.17071,-0.31602,1.607,-0.53849,1.1895
0,0,2.7004,0.18862,0.18568,0.14255,0.18595,-0.31766,1.6066,-0.53165,1.1985
0,0,2.7632,0.21202,0.21495,0.12776,0.17528,-0.31923,1.6053,-0.52556,1.2073
0,0,2.826,0.23719,0.23323,0.12101,0.16011,-0.32073,1.6035,-0.52014,1.2158
0,0,2.8888,0.25378,0.24066,0.12286,0.15294,-0.32216,1.601,-0.51533,1.2242
0,0,2.9516,0.25956,0.24142,0.13055,0.15442,-0.32354,1.598,-0.51107,1.2323
0,0,3.0144,0.25644,0.23863,0.14153,0.16126,-0.32485,1.5945,-0.50729,1.2401
0,0,3.0772,0.24696,0.23352,0.15412,0.17079,-0.32612,1.5906,-0.50395,1.2478
0,0,3.14,0.23351,0.22651,0.16687,0.18123,-0.32734,1.5863,-0.501,1.2552
0,0.1,-3.14,0.2396,0.23256,0.15856,0.17741,0.0518,-0.42451,-0.35784,-1.2992
0,0.1,-3.0772,0.22508,0.22489,0.16891,0.18677,0.051681,-0.39971,-0.35781,-1.2981
0,0.1,-3.0144,0.20991,0.21618,0.17675,0.19541,0.051556,-0.37448,-0.35777,-1.2969
0,0.1,-2.9516,0.19518,0.20724,0.18031,0.20337,0.051425,-0.34885,-0.35772,-1.2956
0,0.1,-2.8888,0.18122,0.19952,0.17697,0.21174,0.051286,-0.32284,-0.35767,-1.2942
0,0.1,-2.826,0.16713,0.19632,0.16203,0.22333,0.051136,-0.2965,-0.35762,-1.2928
0,0.1,-2.7632,0.15261,0.20782,0.12613,0.23911,0.050972,-0.26984,-0.35755,-1.2912
0,0.1,-2.7004,0.14582,0.25378,0.066241,0.23678,0.050791,-0.2429,-0.35748,-1.2895
0,0.1,-2.6376,0.15,0.30768,0.044065,0.17423,0.050586,-0.21572,-0.35739,-1.2878
0,0.1,-2.5748,0.10241,0.26906,0.13838,0.15717,0.050353,-0.18831,-0.3573,-1.2858
0,0.1,-2.512,-0.024404,0.18018,0.24927,0.34499,0.050083,-0.16071,-0.35719,-1.2838
0,0.1,-2.4492,-0.12203,0.1674,0.24754,0.56592,0.049764,-0.13295,-0.35706,-1.2815
0,0.1,-2.3864,-0.16104,0.18918,0.20056,0.66863,0.049384,-0.10505,-0.35692,-1.279
0,0.1,-2.3236,-0.16724,0.19484,0.17374,0.68652,0.048924,-0.077038,-0.35676,-1.2763
0,0.1,-2.2608,-0.15084,0.18492,0.17279,0.6597,0.048362,-0.048933,-0.35658,-1.2732
0,0.1,-2.198,-0.12106,0.16975,0.18663,0.61349,0.047667,-0.020757,-0.35637,-1.2697
0,0.1,-2.1352,-0.087183,0.15449,0.20612,0.56345,0.046801,0.007472,-0.35614,-1.2656
0,0.1,-2.0724,-0.054868,0.14017,0.22675,0.51697,0.045713,0.035741,-0.35587,-1.2606
0,0.1,-2.0096,-0.026405,0.12644,0.24693,0.47645,0.044338,0.064038,-0.35557,-1.2545
0,0.1,-1.9468,-0.0022341,0.11276,0.26634,0.44197,0.042589,0.092358,-0.35523,-1.2468
0,0.1,-1.884,0.017963,0.098732,0.28511,0.41281,0.040357,0.1207,-0.35485,-1.2368
0,0.1,-1.8212,0.034736,0.08411,0.30349,0.3881,0.037499,0.14906,-0.35442,-1.2234
0,0.1,-1.7584,0.048644,0.06873,0.32175,0.36699,0.033828,0.17747,-0.35395,-1.2052
0,0.1,-1.6956,0.060181,0.052481,0.34016,0.34878,0.029109,0.20592,-0.35345,-1.1801
0,0.1,-1.6328,0.069759,0.035269,0.35894,0.33287,0.023039,0.23445,-0.35294,-1.1454
0,0.1,-1.57,0.077713,0.017001,0.37834,0.31876,0.015239,0.26309,-0.35244,-1.0972
0,0.1,-1.5072,0.084311,-0.0024265,0.39858,0.30601,0.0052369,0.2919,-0.35204,-1.0313
0,0.1,-1.4444,0.089774,-0.02314,0.41991,0.29418,-0.0075405,0.32091,-0.35185,-0.94273
0,0.1,-1.3816,0.094299,-0.045292,0.44258,0.28287,-0.023771,0.3502,-0.3521,-0.82814
0,0.1,-1.3188,0.098099,-0.069072,0.46689,0.27155,-0.044228,0.37986,-0.35313,-0.68781
0,0.1,-1.256,0.10148,-0.094711,0.49308,0.25959,-0.069752,0.40997,-0.35553,-0.52957
0,0.1,-1.1932,0.10499,-0.1225,0.52136,0.24605,-0.1012,0.44065,-0.36019,-0.37225
0,0.1,-1.1304,0.10967,-0.15284,0.55178,0.22954,-0.13939,0.472,-0.36843,-0.24613
0,0.1,-1.0676,0.11763,-0.1863,0.58403,0.20794,-0.18501,0.50415,-0.38201,-0.18696
0,0.1,-1.0048,0.13269,-0.22386,0.61733,0.17822,-0.23856,0.53714,-0.40278,-0.22086
0,0.1,-0.942,0.16101,-0.2672,0.65066,0.13674,-0.30023,0.57071,-0.43142,-0.33664
0,0.1,-0.8792,0.20975,-0.31916,0.68417,0.081032,-0.36982,0.60288,-0.46397,-0.44265
0,0.1,-0.8164,0.28187,-0.38356,0.72196,0.013237,-0.44639,0.62285,-0.48589,-0.34543
0,0.1,-0.7536,0.36945,-0.46321,0.77225,-0.058024,-0.52782,0.58723,-0.46986,0.076248
0,0.1,-0.6908,0.45231,-0.55233,0.83672,-0.11914,-0.61001,0.4547,-0.39837,0.53995
0,0.1,-0.628,0.49566,-0.60995,0.87942,-0.14712,-0.68597,0.36252,-0.29974,0.67675
0,0.1,-0.5652,0.44698,-0.51921,0.78937,-0.10179,-0.74508,0.3488,-0.2111,0.52672
0,0.1,-0.5024,0.31768,-0.24158,0.53536,0.011875,-0.77316,0.33181,-0.12178,0.28875
0,0.1,-0.4396,0.21732,-0.019319,0.35039,0.10892,-0.7548,0.2317,-0.0048673,0.076274
0,0.1,-0.3768,0.16521,0.059681,0.30359,0.17217,-0.67902,-0.063498,0.14218,-0.080772
0,0.1,-0.314,0.1468,0.092173,0.2863,0.20877,-0.54835,-0.53091,0.29686,-0.1877
0,0.1,-0.2512,0.1542,0.12303,0.25946,0.21945,-0.38714,-0.66461,0.43245,-0.25768
0,0.1,-0.1884,0.16942,0.14958,0.23538,0.218,-0.24126,-0.46635,0.52449,-0.30229
0,0.1,-0.1256,0.18362,0.17015,0.21774,0.21296,-0.16331,-0.33597,0.50282,-0.32989
0,0.1,-0.0628,0.19594,0.18617,0.20391,0.20621,-0.18803,-0.13375,0.23216,-0.34641
0,0.1,-4.4409e-16,0.20763,0.19887,0.19129,0.19761,-0.3084,0.28799,-0.23305,-0.35637
0,0.1,0.0628,0.22017,0.2089,0.17817,0.18672,-0.45047,0.85716,-0.53884,-0.36376
0,0.1,0.1256,0.23516,0.21665,0.16335,0.17294,-0.43418,0.94264,-0.57312,-0.37269
0,0.1,0.1884,0.25454,0.22217,0.14613,0.15539,-0.058484,0.49276,-0.47761,-0.38791
0,0.1,0.2512,0.2804,0.22455,0.12673,0.1331,0.43384,0.22766,-0.36427,-0.41465
0,0.1,0.314,0.31387,0.22086,0.10732,0.10558,0.61025,0.22508,-0.27961,-0.45742
0,0.1,0.3768,0.35194,0.20689,0.092594,0.074051,0.53596,0.33061,-0.2417,-0.51698
0,0.1,0.4396,0.38319,0.18346,0.086447,0.043205,0.38937,0.47044,-0.26174,-0.58684
0,0.1,0.5024,0.39854,0.16401,0.084224,0.017354,0.24676,0.62126,-0.35051,-0.65287
0,0.1,0.5652,0.42339,0.15389,0.082867,-0.0131,0.12762,0.77502,-0.51193,-0.69882
0,0.1,0.628,0.48689,0.13393,0.099112,-0.058216,0.033098,0.92241,-0.71814,-0.71372
0,0.1,0.6908,0.56518,0.10357,0.13859,-0.10327,-0.040375,1.0108,-0.86986,-0.69457
0,0.1,0.7536,0.61571,0.085619,0.18044,-0.12778,-0.097026,0.79349,-0.81742,-0.64406
0,0.1,0.8164,0.62507,0.091149,0.20597,-0.12876,-0.14061,0.36216,-0.56092,-0.56711
0,0.1,0.8792,0.60587,0.11353,0.21346,-0.11541,-0.1742,0.3231,-0.34631,-0.46889
0,0.1,0.942,0.57395,0.14274,0.20913,-0.096495,-0.20018,0.43254,-0.32573,-0.35425
0,0.1,1.0048,0.53902,0.17265,0.19872,-0.07663,-0.22041,0.55622,-0.42971,-0.22787
0,0.1,1.0676,0.50549,0.2008,0.18554,-0.05759,-0.23628,0.67416,-0.55854,-0.094413
0,0.1,1.1304,0.47488,0.22669,0.17112,-0.039846,-0.24884,0.78365,-0.66593,0.041457
0,0.1,1.1932,0.44749,0.25056,0.15603,-0.023375,-0.25886,0.88428,-0.74201,0.17532
0,0.1,1.256,0.42315,0.2729,0.14035,-0.0080033,-0.26695,0.97603,-0.79024,0.30328
0,0.1,1.3188,0.40155,0.29421,0.12396,0.0064682,-0.27353,1.0591,-0.81685,0.42229
0,0.1,1.3816,0.38241,0.31495,0.10665,0.020218,-0.27894,1.1338,-0.82751,0.5303
0,0.1,1.4444,0.36547,0.33556,0.088113,0.033393,-0.28342,1.2006,-0.82672,0.62625
0,0.1,1.5072,0.35052,0.35642,0.067999,0.046113,-0.28718,1.2599,-0.81786,0.70999
0,0.1,1.57,0.33743,0.37792,0.045897,0.05847,-0.29039,1.3124,-0.8035,0.78202
0,0.1,1.6328,0.32609,0.40046,0.021317,0.070538,-0.29318,1.3585,-0.78557,0.84332
0,0.1,1.6956,0.31647,0.42438,-0.0063131,0.082371,-0.29566,1.3988,-0.76551,0.89509
0,0.1,1.7584,0.30859,0.44998,-0.037629,0.093997,-0.29792,1.4338,-0.74442,0.93864
0,0.1,1.8212,0.30257,0.47731,-0.073233,0.10538,-0.30004,1.4641,-0.72309,0.97524
0,0.1,1.884,0.29864,0.50581,-0.11341,0.11635,-0.30207,1.4901,-0.7021,1.006
0,0.1,1.9468,0.29721,0.5335,-0.15738,0.12633,-0.30404,1.5123,-0.68186,1.0321
0,0.1,2.0096,0.29892,0.55541,-0.20155,0.13391,-0.30597,1.5311,-0.66263,1.0543
0,0.1,2.0724,0.3046,0.56084,-0.2361,0.13582,-0.30787,1.547,-0.6446,1.0734
0,0.1,2.1352,0.31492,0.53151,-0.24072,0.12585,-0.30975,1.5601,-0.62785,1.0901
0,0.1,2.198,0.32931,0.44835,-0.18796,0.095894,-0.31159,1.5709,-0.61242,1.1047
0,0.1,2.2608,0.34476,0.31587,-0.068862,0.0435,-0.3134,1.5796,-0.59829,1.1179
0,0.1,2.3236,0.35617,0.17692,0.078907,-0.01894,-0.31518,1.5864,-0.58543,1.1298
0,0.1,2.3864,0.35583,0.077628,0.19738,-0.06662,-0.31691,1.5916,-0.57377,1.1409
0,0.1,2.4492,0.32926,0.035677,0.25267,-0.066461,-0.31859,1.5954,-0.56326,1.1512
0,0.1,2.512,0.26811,0.050117,0.24255,0.0064175,-0.32023,1.5979,-0.55381,1.1609
0,0.1,2.5748,0.20565,0.098283,0.2013,0.10927,-0.32182,1.5993,-0.54534,1.1703
0,0.1,2.6376,0.17952,0.14717,0.16649,0.17272,-0.32337,1.5997,-0.53776,1.1793
0,0.1,2.7004,0.18623,0.18618,0.14346,0.18853,-0.32487,1.5993,-0.531,1.188
0,0.1,2.7632,0.20988,0.21627,0.12761,0.17764,-0.32632,1.5981,-0.52498,1.1966
0,0.1,2.826,0.23611,0.23562,0.11954,0.16134,-0.32774,1.5962,-0.51963,1.205
0,0.1,2.8888,0.25428,0.24401,0.11989,0.15279,-0.32912,1.5937,-0.51488,1.2133
0,0.1,2.9516,0.26177,0.24548,0.12606,0.15307,-0.33048,1.5907,-0.51067,1.2214
0,0.1,3.0144,0.26036,0.24338,0.13549,0.15886,-0.3318,1.5872,-0.50694,1.2293
0,0.1,3.0772,0.25245,0.23903,0.14658,0.1674,-0.33311,1.5833,-0.50364,1.2371
0,0.1,3.14,0.24029,0.23291,0.158,0.17692,-0.3344,1.579,-0.50072,1.2446
0,0.2,-3.14,0.24388,0.23818,0.15047,0.17392,0.057402,-0.42793,-0.35784,-1.3003
0,0.2,-3.0772,0.23041,0.2314,0.15976,0.18236,0.057192,-0.40292,-0.3578,-1.2993
0,0.2,-3.0144,0.21584,0.22359,0.16694,0.19015,0.056976,-0.3775,-0.35776,-1.2982
0,0.2,-2.9516,0.20132,0.21549,0.17026,0.19731,0.056752,-0.35168,-0.35772,-1.2969
0,0.2,-2.8888,0.18732,0.20859,0.16703,0.20483,0.056519,-0.3255,-0.35767,-1.2957
0,0.2,-2.826,0.17343,0.20633,0.15261,0.21484,0.056272,-0.299,-0.35761,-1.2943
0,0.2,-2.7632,0.16011,0.21819,0.11925,0.22646,0.05601,-0.27219,-0.35754,-1.2928
0,0.2,-2.7004,0.15356,0.25767,0.069124,0.21905,0.055727,-0.24511,-0.35747,-1.2913
0,0.2,-2.6376,0.14905,0.2923,0.059171,0.16924,0.055418,-0.2178,-0.35738,-1.2896
0,0.2,-2.5748,0.091946,0.2405,0.14729,0.18024,0.055075,-0.19028,-0.35728,-1.2877
0,0.2,-2.512,-0.026363,0.15617,0.24067,0.36706,0.05469,-0.16258,-0.35717,-1.2858
0,0.2,-2.4492,-0.11277,0.14918,0.2362,0.56841,0.054249,-0.13472,-0.35705,-1.2836
0,0.2,-2.3864,-0.14839,0.1743,0.1944,0.66238,0.053737,-0.10674,-0.3569,-1.2812
0,0.2,-2.3236,-0.1548,0.18351,0.17149,0.67888,0.053135,-0.078653,-0.35674,-1.2786
0,0.2,-2.2608,-0.14022,0.17691,0.1724,0.6534,0.052414,-0.050489,-0.35656,-1.2756
0,0.2,-2.198,-0.11275,0.16424,0.18694,0.60918,0.051541,-0.022264,-0.35634,-1.2722
0,0.2,-2.1352,-0.080978,0.15063,0.20661,0.5609,0.050471,0.0060029,-0.3561,-1.2681
0,0.2,-2.0724,-0.050323,0.13736,0.22724,0.51571,0.049145,0.034299,-0.35583,-1.2632
0,0.2,-2.0096,-0.023102,0.12431,0.24733,0.47608,0.047487,0.062614,-0.35552,-1.2571
0,0.2,-1.9468,0.00014462,0.11109,0.2666,0.44219,0.045397,0.090942,-0.35517,-1.2492
0,0.2,-1.884,0.019648,0.0974,0.28521,0.41343,0.042747,0.11928,-0.35478,-1.2389
0,0.2,-1.8212,0.035888,0.083034,0.3034,0.38897,0.03937,0.14764,-0.35434,-1.2251
0,0.2,-1.7584,0.049379,0.067863,0.32147,0.36803,0.035053,0.17602,-0.35386,-1.2061
0,0.2,-1.6956,0.060585,0.051791,0.33965,0.34991,0.029526,0.20445,-0.35335,-1.18
0,0.2,-1.6328,0.069899,0.034736,0.35821,0.33404,0.022447,0.23295,-0.35281,-1.1436
0,0.2,-1.57,0.077642,0.016609,0.37735,0.31993,0.013398,0.26155,-0.3523,-1.0931
0,0.2,-1.5072,0.08408,-0.0026928,0.39732,0.30713,0.0018783,0.29031,-0.35189,-1.024
0,0.2,-1.4444,0.089431,-0.023297,0.41834,0.29526,-0.012697,0.31927,-0.35171,-0.93145
0,0.2,-1.3816,0.093898,-0.04536,0.44068,0.28387,-0.030976,0.34852,-0.35198,-0.81226
0,0.2,-1.3188,0.097701,-0.069074,0.46457,0.27249,-0.053638,0.37813,-0.35309,-0.66735
0,0.2,-1.256,0.10116,-0.094678,0.49028,0.26047,-0.081354,0.40819,-0.35563,-0.50572
0,0.2,-1.1932,0.10481,-0.12247,0.51798,0.24693,-0.11473,0.43883,-0.36056,-0.34768
0,0.2,-1.1304,0.10972,-0.15285,0.54769,0.23051,-0.15427,0.47017,-0.36925,-0.22473
0,0.2,-1.0676,0.11792,-0.18641,0.57911,0.2092,-0.20038,0.50232,-0.38353,-0.17288
0,0.2,-1.0048,0.13307,-0.22407,0.61149,0.18011,-0.25336,0.53535,-0.40526,-0.21684
0,0.2,-0.942,0.16096,-0.26747,0.6439,0.13984,-0.31341,0.56893,-0.4349,-0.34206
0,0.2,-0.8792,0.20826,-0.31927,0.67652,0.086157,-0.38045,0.60062,-0.46785,-0.45146
0,0.2,-0.8164,0.27766,-0.38297,0.71311,0.021137,-0.45387,0.6172,-0.48825,-0.34752
0,0.2,-0.7536,0.36167,-0.46086,0.76088,-0.0468,-0.53194,0.56948,-0.46818,0.08297
0,0.2,-0.6908,0.44067,-0.54623,0.82029,-0.10396,-0.61097,0.43305,-0.39336,0.54398
0,0.2,-0.628,0.48093,-0.59842,0.85648,-0.12793,-0.6844,0.35744,-0.29619,0.67492
0,0.2,-0.5652,0.43481,-0.50944,0.76872,-0.083673,-0.74196,0.35269,-0.21075,0.52548
0,0.2,-0.5024,0.31459,-0.24498,0.52944,0.020943,-0.7698,0.33933,-0.12275,0.29145
0,0.2,-0.4396,0.2193,-0.025557,0.34833,0.11089,-0.75262,0.24045,-0.006612,0.081899
0,0.2,-0.3768,0.16869,0.056477,0.29957,0.171,-0.67927,-0.055289,0.13777,-0.074478
0,0.2,-0.314,0.14983,0.089643,0.2832,0.20686,-0.55163,-0.52017,0.28782,-0.18225
0,0.2,-0.2512,0.15601,0.1202,0.25788,0.21781,-0.39312,-0.6475,0.42008,-0.25355
0,0.2,-0.1884,0.17039,0.14656,0.23451,0.2166,-0.24874,-0.45727,0.51405,-0.29925
0,0.2,-0.1256,0.18417,0.16705,0.2171,0.21168,-0.17085,-0.33455,0.49957,-0.32745
0,0.2,-0.0628,0.19631,0.18302,0.20335,0.20499,-0.19465,-0.13792,0.23739,-0.34408
0,0.2,-4.4409e-16,0.20793,0.19568,0.19079,0.19643,-0.31413,0.27531,-0.22364,-0.35373
0,0.2,0.0628,0.22044,0.20568,0.17773,0.18557,-0.45656,0.83655,-0.53024,-0.36053
0,0.2,0.1256,0.23537,0.21341,0.16304,0.17184,-0.44319,0.92638,-0.5663,-0.3687
0,0.2,0.1884,0.25454,0.21886,0.14608,0.15443,-0.071369,0.48541,-0.47214,-0.38308
0,0.2,0.2512,0.27979,0.22106,0.12719,0.13249,0.4217,0.22471,-0.35977,-0.40902
0,0.2,0.314,0.31187,0.21719,0.10855,0.10571,0.60051,0.22372,-0.27578,-0.45106
0,0.2,0.3768,0.34754,0.20348,0.094586,0.075351,0.52666,0.32978,-0.23813,-0.51
0,0.2,0.4396,0.37618,0.18131,0.088752,0.045536,0.37939,0.46979,-0.2579,-0.57929
0,0.2,0.5024,0.39092,0.16297,0.08704,0.019158,0.23583,0.62064,-0.34582,-0.64476
0,0.2,0.5652,0.416,0.15238,0.087338,-0.012776,0.1158,0.7744,-0.50624,-0.69021
0,0.2,0.628,0.47791,0.13265,0.1041,-0.058207,0.020564,0.92212,-0.71296,-0.7047
0,0.2,0.6908,0.55481,0.1039,0.14199,-0.10285,-0.053443,1.0137,-0.86953,-0.68527
0,0.2,0.7536,0.60572,0.087226,0.18206,-0.12723,-0.11045,0.8083,-0.826,-0.63462
0,0.2,0.8164,0.61673,0.092957,0.20691,-0.12842,-0.15424,0.37076,-0.57396,-0.55767
0,0.2,0.8792,0.59943,0.11493,0.21459,-0.11534,-0.1879,0.32299,-0.35518,-0.45957
0,0.2,0.942,0.56911,0.1437,0.21077,-0.09659,-0.21384,0.43069,-0.32939,-0.3452
0,0.2,1.0048,0.53538,0.17335,0.20083,-0.076788,-0.23393,0.55387,-0.43124,-0.21925
0,0.2,1.0676,0.50271,0.20147,0.18797,-0.057758,-0.24959,0.67142,-0.55976,-0.086425
0,0.2,1.1304,0.47272,0.22746,0.17373,-0.039999,-0.26187,0.78055,-0.66716,0.048605
0,0.2,1.1932,0.44579,0.25152,0.15871,-0.023503,-0.27159,0.88081,-0.74303,0.18143
0,0.2,1.256,0.42179,0.27408,0.14304,-0.0081021,-0.27934,0.97221,-0.79081,0.30819
0,0.2,1.3188,0.40047,0.29562,0.12662,0.0064005,-0.28556,1.0549,-0.81685,0.4259
0,0.2,1.3816,0.38155,0.31659,0.10926,0.020182,-0.2906,1.1293,-0.82694,0.53257
0,0.2,1.4444,0.36479,0.33738,0.090666,0.033388,-0.29472,1.1958,-0.82563,0.6272
0,0.2,1.5072,0.35001,0.3584,0.070516,0.046135,-0.29811,1.2549,-0.81635,0.70968
0,0.2,1.57,0.33705,0.38001,0.048412,0.05851,-0.30097,1.307,-0.80169,0.78056
0,0.2,1.6328,0.32583,0.40259,0.023885,0.07058,-0.30341,1.3529,-0.78355,0.84082
0,0.2,1.6956,0.3163,0.42648,-0.0036048,0.082389,-0.30556,1.3929,-0.76338,0.89167
0,0.2,1.7584,0.30848,0.45193,-0.034644,0.09395,-0.30751,1.4278,-0.74225,0.93442
0,0.2,1.8212,0.3025,0.47895,-0.06976,0.10521,-0.30933,1.4579,-0.72094,0.97031
0,0.2,1.884,0.29857,0.50689,-0.10912,0.11594,-0.31108,1.4838,-0.70001,1.0005
0,0.2,1.9468,0.2971,0.53373,-0.15179,0.12556,-0.31279,1.5058,-0.67987,1.026
0,0.2,2.0096,0.2987,0.55448,-0.19405,0.13259,-0.31449,1.5245,-0.66076,1.0477
0,0.2,2.0724,0.30417,0.55879,-0.22626,0.13383,-0.31618,1.5402,-0.64285,1.0664
0,0.2,2.1352,0.31414,0.5294,-0.22922,0.12335,-0.31786,1.5533,-0.62623,1.0826
0,0.2,2.198,0.32805,0.44873,-0.17775,0.093641,-0.31954,1.564,-0.61093,1.0969
0,0.2,2.2608,0.34287,0.32067,-0.063713,0.042567,-0.32121,1.5726,-0.59693,1.1097
0,0.2,2.3236,0.35314,0.18425,0.078856,-0.017956,-0.32287,1.5794,-0.58419,1.1213
0,0.2,2.3864,0.35068,0.083931,0.19542,-0.063188,-0.32452,1.5845,-0.57266,1.1319
0,0.2,2.4492,0.32213,0.039569,0.25161,-0.060534,-0.32615,1.5883,-0.56226,1.1419
0,0.2,2.512,0.26219,0.051306,0.24408,0.011396,-0.32775,1.5908,-0.55291,1.1513
0,0.2,2.5748,0.20211,0.097292,0.20461,0.11155,-0.32934,1.5921,-0.54453,1.1603
0,0.2,2.6376,0.17606,0.14589,0.16926,0.17519,-0.33091,1.5925,-0.53704,1.1691
0,0.2,2.7004,0.18203,0.18556,0.1451,0.19212,-0.33247,1.5921,-0.53036,1.1776
0,0.2,2.7632,0.2054,0.21653,0.12828,0.18143,-0.33401,1.5908,-0.52441,1.1859
0,0.2,2.826,0.23226,0.23705,0.11899,0.16415,-0.33555,1.5889,-0.51912,1.1942
0,0.2,2.8888,0.25186,0.24658,0.11785,0.15405,-0.33707,1.5864,-0.51443,1.2023
0,0.2,2.9516,0.26107,0.24887,0.12249,0.15293,-0.3386,1.5834,-0.51027,1.2103
0,0.2,3.0144,0.26143,0.24743,0.13037,0.15752,-0.34012,1.58,-0.50658,1.2182
0,0.2,3.0772,0.25521,0.2438,0.13992,0.16497,-0.34166,1.5761,-0.50332,1.226
0,0.2,3.14,0.24451,0.23849,0.14997,0.17348,-0.3432,1.5718,-0.50044,1.2337
0,0.3,-3.14,0.24528,0.2429,0.14355,0.17141,0.066695,-0.43124,-0.35784,-1.3014
0,0.3,-3.0772,0.23304,0.23694,0.15169,0.17887,0.066388,-0.40603,-0.3578,-1.3004
0,0.3,-3.0144,0.21935,0.23003,0.15801,0.18575,0.066072,-0.38041,-0.35776,-1.2993
0,0.3,-2.9516,0.20535,0.22293,0.16071,0.19207,0.065744,-0.35442,-0.35771,-1.2982
0,0.3,-2.8888,0.19161,0.21715,0.15707,0.19873,0.065402,-0.32807,-0.35766,-1.297
0,0.3,-2.826,0.17807,0.21626,0.14267,0.20714,0.065042,-0.3014,-0.3576,-1.2957
0,0.3,-2.7632,0.16561,0.22864,0.1118,0.21474,0.064661,-0.27445,-0.35754,-1.2943
0,0.3,-2.7004,0.15784,0.26092,0.071845,0.20376,0.064252,-0.24724,-0.35746,-1.2928
0,0.3,-2.6376,0.14335,0.27585,0.074564,0.16846,0.06381,-0.2198,-0.35737,-1.2912
0,0.3,-2.5748,0.076803,0.21159,0.15841,0.20703,0.063325,-0.19216,-0.35727,-1.2894
0,0.3,-2.512,-0.033375,0.13316,0.23591,0.39286,0.062786,-0.16436,-0.35716,-1.2875
0,0.3,-2.4492,-0.10828,0.13221,0.2277,0.57448,0.062179,-0.13641,-0.35703,-1.2855
0,0.3,-2.3864,-0.1391,0.15987,0.19007,0.65807,0.061484,-0.10835,-0.35689,-1.2832
0,0.3,-2.3236,-0.14416,0.17201,0.17069,0.67156,0.060677,-0.0802,-0.35672,-1.2806
0,0.3,-2.2608,-0.13015,0.1686,0.1732,0.64643,0.059726,-0.05198,-0.35653,-1.2777
0,0.3,-2.198,-0.10429,0.15854,0.18814,0.60384,0.058588,-0.023711,-0.35632,-1.2743
0,0.3,-2.1352,-0.07432,0.14676,0.20773,0.5573,0.057211,0.0045912,-0.35607,-1.2703
0,0.3,-2.0724,-0.045257,0.13469,0.22813,0.51357,0.055521,0.032911,-0.35579,-1.2653
0,0.3,-2.0096,-0.019312,0.12242,0.24797,0.475,0.053426,0.06124,-0.35548,-1.2591
0,0.3,-1.9468,0.0029461,0.10973,0.267,0.44188,0.050807,0.089573,-0.35512,-1.2511
0,0.3,-1.884,0.021683,0.096407,0.28536,0.41365,0.047507,0.11791,-0.35472,-1.2404
0,0.3,-1.8212,0.037325,0.082323,0.30332,0.38956,0.043329,0.14625,-0.35427,-1.2261
0,0.3,-1.7584,0.050341,0.06738,0.32114,0.36886,0.038021,0.17461,-0.35377,-1.2063
0,0.3,-1.6956,0.061164,0.051505,0.33908,0.35089,0.031271,0.20301,-0.35324,-1.1789
0,0.3,-1.6328,0.070167,0.034628,0.35737,0.33511,0.0227,0.23147,-0.35269,-1.1407
0,0.3,-1.57,0.077658,0.016668,0.37624,0.32104,0.011862,0.26004,-0.35217,-1.0877
0,0.3,-1.5072,0.083895,-0.0024761,0.3959,0.30826,-0.0017446,0.28875,-0.35176,-1.0152
0,0.3,-1.4444,0.089093,-0.022928,0.41658,0.29636,-0.018655,0.31766,-0.35158,-0.91848
0,0.3,-1.3816,0.093453,-0.044843,0.43853,0.28494,-0.039397,0.34685,-0.35189,-0.7945
0,0.3,-1.3188,0.097202,-0.068414,0.46197,0.27353,-0.06445,0.37641,-0.35308,-0.64495
0,0.3,-1.256,0.10065,-0.09388,0.48713,0.26152,-0.094204,0.40642,-0.3558,-0.48002
0,0.3,-1.1932,0.10436,-0.12154,0.51417,0.24805,-0.12896,0.43702,-0.36103,-0.32153
0,0.3,-1.1304,0.10934,-0.15179,0.54309,0.23185,-0.16896,0.46832,-0.37022,-0.20211
0,0.3,-1.0676,0.11754,-0.18519,0.57358,0.21099,-0.21447,0.50045,-0.38527,-0.15784
0,0.3,-1.0048,0.13242,-0.22264,0.60495,0.1828,-0.26583,0.53348,-0.40801,-0.2119
0,0.3,-0.942,0.15934,-0.26564,0.63633,0.14413,-0.32342,0.56698,-0.4387,-0.34619
0,0.3,-0.8792,0.20443,-0.31664,0.6679,0.092924,-0.38747,0.59791,-0.47197,-0.45821
0,0.3,-0.8164,0.27019,-0.37877,0.70298,0.031192,-0.4577,0.6101,-0.49067,-0.34661
0,0.3,-0.7536,0.34965,-0.45374,0.74773,-0.032993,-0.53268,0.54903,-0.46644,0.093065
0,0.3,-0.6908,0.42417,-0.53424,0.80176,-0.086166,-0.60903,0.41215,-0.38867,0.55138
0,0.3,-0.628,0.46212,-0.58173,0.83279,-0.1073,-0.68048,0.35257,-0.29335,0.67651
0,0.3,-0.5652,0.42172,-0.49982,0.752,-0.066862,-0.73704,0.3554,-0.21095,0.52734
0,0.3,-0.5024,0.31325,-0.25362,0.53026,0.027049,-0.7651,0.34542,-0.12406,0.29656
0,0.3,-0.4396,0.22338,-0.03561,0.34966,0.10996,-0.74947,0.24832,-0.0086923,0.089269
0,0.3,-0.3768,0.17399,0.052189,0.29567,0.16699,-0.67882,-0.046903,0.13291,-0.066811
0,0.3,-0.314,0.15363,0.086118,0.28058,0.20293,-0.55441,-0.50813,0.27839,-0.17554
0,0.3,-0.2512,0.15749,0.11585,0.2576,0.21518,-0.39873,-0.62881,0.40782,-0.24811
0,0.3,-0.1884,0.17062,0.14198,0.23496,0.21471,-0.25593,-0.44685,0.50431,-0.29487
0,0.3,-0.1256,0.18403,0.1625,0.21751,0.21,-0.17811,-0.33196,0.4973,-0.32374
0,0.3,-0.0628,0.19615,0.17853,0.20357,0.20333,-0.20095,-0.14117,0.24351,-0.34063
0,0.3,-4.4409e-16,0.20785,0.19122,0.19085,0.19477,-0.31941,0.26334,-0.21357,-0.35025
0,0.3,0.0628,0.22047,0.20125,0.17772,0.18391,-0.46199,0.81635,-0.5212,-0.35679
0,0.3,0.1256,0.23546,0.20898,0.16309,0.17021,-0.45128,0.91019,-0.55922,-0.36458
0,0.3,0.1884,0.25445,0.21432,0.14644,0.15294,-0.08311,0.47806,-0.46653,-0.37853
0,0.3,0.2512,0.27898,0.21621,0.12825,0.13142,0.41093,0.22179,-0.35522,-0.40402
0,0.3,0.314,0.3093,0.21198,0.11075,0.10555,0.59245,0.22239,-0.27196,-0.44566
0,0.3,0.3768,0.3418,0.19855,0.097963,0.076643,0.51938,0.32899,-0.23463,-0.5042
0,0.3,0.4396,0.367,0.17811,0.092577,0.048163,0.37174,0.46917,-0.25417,-0.57307
0,0.3,0.5024,0.38113,0.16161,0.091067,0.021398,0.22753,0.62004,-0.34128,-0.63809
0,0.3,0.5652,0.40758,0.15091,0.092741,-0.012152,0.10691,0.7738,-0.50072,-0.68308
0,0.3,0.628,0.4687,0.13144,0.11013,-0.057934,0.011216,0.92182,-0.70786,-0.69718
0,0.3,0.6908,0.54354,0.10466,0.14634,-0.10176,-0.063092,1.0165,-0.86908,-0.67751
0,0.3,0.7536,0.59382,0.08975,0.18416,-0.12558,-0.12027,0.82285,-0.83438,-0.62678
0,0.3,0.8164,0.60606,0.095852,0.20787,-0.12684,-0.16411,0.37974,-0.58704,-0.5499
0,0.3,0.8792,0.59076,0.1173,0.21554,-0.11408,-0.19772,0.32299,-0.3642,-0.452
0,0.3,0.942,0.56235,0.14539,0.21218,-0.095603,-0.22355,0.42888,-0.33309,-0.33797
0,0.3,1.0048,0.53015,0.17456,0.20274,-0.075971,-0.24348,0.55152,-0.43268,-0.21253
0,0.3,1.0676,0.49862,0.20243,0.19027,-0.05703,-0.25894,0.6687,-0.56082,-0.080387
0,0.3,1.1304,0.46948,0.22837,0.17627,-0.039317,-0.27102,0.77747,-0.66823,0.053778
0,0.3,1.1932,0.44318,0.25251,0.16139,-0.022844,-0.28051,0.87737,-0.74391,0.18557
0,0.3,1.256,0.41968,0.27521,0.14577,-0.0074543,-0.28803,0.96841,-0.79126,0.31117
0,0.3,1.3188,0.39875,0.29692,0.12936,0.0070429,-0.29403,1.0508,-0.81675,0.42765
0,0.3,1.3816,0.38016,0.31805,0.11197,0.020821,-0.29886,1.1249,-0.82628,0.53306
0,0.3,1.4444,0.36367,0.33899,0.093364,0.034022,-0.30278,1.191,-0.82447,0.62648
0,0.3,1.5072,0.34912,0.36012,0.073214,0.046757,-0.30599,1.2498,-0.8148,0.70783
0,0.3,1.57,0.33636,0.3818,0.051146,0.059109,-0.30868,1.3017,-0.79984,0.77769
0,0.3,1.6328,0.32532,0.40439,0.026718,0.071134,-0.31097,1.3473,-0.78151,0.83704
0,0.3,1.6956,0.31594,0.4282,-0.00057792,0.082866,-0.31299,1.3872,-0.76124,0.88712
0,0.3,1.7584,0.30826,0.45347,-0.03128,0.094298,-0.31483,1.4218,-0.74008,0.92919
0,0.3,1.8212,0.30239,0.48013,-0.065846,0.10535,-0.31656,1.4517,-0.71879,0.96451
0,0.3,1.884,0.29855,0.50753,-0.10435,0.11577,-0.31824,1.4774,-0.69794,0.99421
0,0.3,1.9468,0.29715,0.5336,-0.14574,0.12491,-0.3199,1.4994,-0.67788,1.0193
0,0.3,2.0096,0.29878,0.55346,-0.18631,0.13128,-0.32157,1.518,-0.65889,1.0407
0,0.3,2.0724,0.30422,0.55724,-0.21679,0.13176,-0.32325,1.5336,-0.64111,1.059
0,0.3,2.1352,0.31406,0.52881,-0.2193,0.12075,-0.32495,1.5465,-0.62463,1.0749
0,0.3,2.198,0.32765,0.4517,-0.17066,0.091363,-0.32668,1.5571,-0.60946,1.0889
0,0.3,2.2608,0.34184,0.3284,-0.062639,0.041725,-0.32842,1.5657,-0.59559,1.1014
0,0.3,2.3236,0.35073,0.19377,0.075023,-0.016667,-0.33018,1.5724,-0.58297,1.1127
0,0.3,2.3864,0.34576,0.091089,0.19095,-0.059164,-0.33195,1.5775,-0.57156,1.1231
0,0.3,2.4492,0.31507,0.042983,0.24962,-0.054098,-0.33373,1.5812,-0.56127,1.1328
0,0.3,2.512,0.25616,0.051149,0.24589,0.016501,-0.33551,1.5836,-0.55202,1.1419
0,0.3,2.5748,0.19797,0.094767,0.20867,0.11396,-0.33731,1.585,-0.54373,1.1507
0,0.3,2.6376,0.17147,0.14322,0.17281,0.17815,-0.33911,1.5854,-0.53633,1.1591
0,0.3,2.7004,0.17614,0.1837,0.1475,0.19672,-0.34092,1.5849,-0.52972,1.1674
0,0.3,2.7632,0.19864,0.21558,0.12983,0.18676,-0.34274,1.5836,-0.52384,1.1755
0,0.3,2.826,0.22565,0.23733,0.11945,0.16871,-0.34457,1.5817,-0.51862,1.1835
0,0.3,2.8888,0.24647,0.24821,0.11686,0.1569,-0.34642,1.5793,-0.51398,1.1914
0,0.3,2.9516,0.25735,0.25147,0.12,0.15411,-0.34829,1.5762,-0.50987,1.1993
0,0.3,3.0144,0.25947,0.25072,0.12637,0.15733,-0.35018,1.5728,-0.50623,1.2071
0,0.3,3.0772,0.25499,0.24774,0.13444,0.16359,-0.35209,1.5689,-0.50301,1.2149
0,0.3,3.14,0.24584,0.24317,0.14311,0.17103,-0.35402,1.5647,-0.50017,1.2226
0,0.4,-3.14,0.24369,0.24667,0.13797,0.16991,0.077827,-0.43443,-0.35783,-1.3023
0,0.4,-3.0772,0.23285,0.24149,0.14489,0.17631,0.077482,-0.40903,-0.3578,-1.3013
0,0.4,-3.0144,0.22027,0.23551,0.15011,0.18226,0.077122,-0.38322,-0.35776,-1.3003
0,0.4,-2.9516,0.20706,0.22949,0.15183,0.18779,0.076743,-0.35705,-0.35771,-1.2992
0,0.4,-2.8888,0.1938,0.22503,0.14735,0.19367,0.076341,-0.33053,-0.35766,-1.2981
0,0.4,-2.826,0.18061,0.22565,0.13271,0.20057,0.075913,-0.30371,-0.3576,-1.2969
0,0.4,-2.7632,0.16834,0.23802,0.1047,0.20473,0.075454,-0.27661,-0.35753,-1.2955
0,0.4,-2.7004,0.15748,0.26161,0.075369,0.19288,0.074955,-0.24927,-0.35745,-1.2941
0,0.4,-2.6376,0.13188,0.25694,0.090191,0.17468,0.074409,-0.22171,-0.35736,-1.2925
0,0.4,-2.5748,0.057107,0.18243,0.17019,0.23923,0.073805,-0.19396,-0.35726,-1.2909
0,0.4,-2.512,-0.044085,0.11184,0.23308,0.42186,0.073128,-0.16606,-0.35715,-1.289
0,0.4,-2.4492,-0.10723,0.11695,0.22111,0.58309,0.072359,-0.13803,-0.35702,-1.287
0,0.4,-2.3864,-0.13226,0.14635,0.18725,0.65502,0.071475,-0.1099,-0.35687,-1.2848
0,0.4,-2.3236,-0.13479,0.1608,0.17118,0.6643,0.070444,-0.081681,-0.3567,-1.2823
0,0.4,-2.2608,-0.12042,0.16036,0.17504,0.63875,0.069225,-0.053408,-0.35651,-1.2794
0,0.4,-2.198,-0.09561,0.15293,0.19012,0.5975,0.067765,-0.025097,-0.35629,-1.276
0,0.4,-2.1352,-0.067211,0.14305,0.20938,0.55272,0.065995,0.0032361,-0.35604,-1.2719
0,0.4,-2.0724,-0.039686,0.13226,0.22936,0.51056,0.063825,0.031577,-0.35575,-1.2668
0,0.4,-2.0096,-0.015048,0.12082,0.24881,0.47324,0.061138,0.059917,-0.35543,-1.2605
0,0.4,-1.9468,0.0061588,0.10869,0.26749,0.44103,0.057784,0.08825,-0.35506,-1.2522
0,0.4,-1.884,0.024063,0.095771,0.28554,0.41346,0.053571,0.11658,-0.35465,-1.2411
0,0.4,-1.8212,0.039042,0.081989,0.30321,0.38984,0.048261,0.1449,-0.35419,-1.2261
0,0.4,-1.7584,0.051527,0.067292,0.32075,0.36947,0.041559,0.17324,-0.35368,-1.2054
0,0.4,-1.6956,0.061919,0.051632,0.33841,0.35173,0.033116,0.20161,-0.35314,-1.1766
0,0.4,-1.6328,0.070568,0.034952,0.35642,0.33609,0.022533,0.23003,-0.35258,-1.1364
0,0.4,-1.57,0.077768,0.017183,0.37498,0.3221,0.0093771,0.25855,-0.35205,-1.0806
0,0.4,-1.5072,0.083765,-0.0017696,0.3943,0.30936,-0.0067808,0.28721,-0.35163,-1.0045
0,0.4,-1.4444,0.088771,-0.022025,0.41461,0.29748,-0.026326,0.31607,-0.35148,-0.90335
0,0.4,-1.3816,0.092984,-0.043735,0.43612,0.28607,-0.049555,0.34521,-0.35183,-0.77438
0,0.4,-1.3188,0.096626,-0.067086,0.45905,0.27468,-0.07665,0.37471,-0.35313,-0.6201
0,0.4,-1.256,0.10001,-0.092312,0.48361,0.26273,-0.10771,0.40467,-0.35603,-0.45197
0,0.4,-1.1932,0.10367,-0.1197,0.50992,0.24941,-0.1428,0.43521,-0.3616,-0.29327
0,0.4,-1.1304,0.10858,-0.14963,0.53797,0.23352,-0.1821,0.46647,-0.37135,-0.1777
0,0.4,-1.0676,0.11658,-0.18264,0.56745,0.21328,-0.22597,0.49857,-0.38722,-0.14125
0,0.4,-1.0048,0.13086,-0.21955,0.59772,0.18621,-0.27497,0.53157,-0.41105,-0.20537
0,0.4,-0.942,0.15635,-0.26173,0.62798,0.14943,-0.32976,0.5649,-0.4428,-0.34835
0,0.4,-0.8792,0.1986,-0.31136,0.65837,0.10109,-0.39085,0.59476,-0.47633,-0.46217
0,0.4,-0.8164,0.25995,-0.37113,0.6917,0.043044,-0.45817,0.60145,-0.49312,-0.34204
0,0.4,-0.7536,0.3341,-0.44219,0.73313,-0.01712,-0.53052,0.52626,-0.46465,0.10705
0,0.4,-0.6908,0.40377,-0.51706,0.78171,-0.066503,-0.60468,0.39254,-0.38433,0.56248
0,0.4,-0.628,0.44024,-0.5607,0.80888,-0.086,-0.67459,0.34793,-0.29119,0.68166
0,0.4,-0.5652,0.40779,-0.48974,0.73832,-0.051373,-0.73048,0.35702,-0.21168,0.53221
0,0.4,-0.5024,0.31308,-0.26633,0.53683,0.030734,-0.75897,0.35001,-0.12569,0.30384
0,0.4,-0.4396,0.22919,-0.049923,0.35516,0.10653,-0.74499,0.25489,-0.011129,0.098035
0,0.4,-0.3768,0.18099,0.046366,0.29235,0.16039,-0.67699,-0.03899,0.12758,-0.058238
0,0.4,-0.314,0.1585,0.081744,0.27801,0.19681,-0.55571,-0.49534,0.2686,-0.16817
0,0.4,-0.2512,0.15902,0.11018,0.25823,0.21133,-0.4027,-0.60877,0.3957,-0.24219
0,0.4,-0.1884,0.17037,0.1359,0.23657,0.21217,-0.26129,-0.43501,0.49533,-0.29019
0,0.4,-0.1256,0.18329,0.15653,0.21892,0.20785,-0.1833,-0.32798,0.49602,-0.31998
0,0.4,-0.0628,0.19546,0.17272,0.20457,0.20123,-0.20488,-0.1433,0.25047,-0.33748
0,0.4,-4.4409e-16,0.20738,0.18552,0.19152,0.19264,-0.32198,0.25224,-0.20287,-0.34746
0,0.4,0.0628,0.22022,0.19563,0.1782,0.18176,-0.46436,0.79669,-0.51174,-0.35419
0,0.4,0.1256,0.23532,0.20336,0.1636,0.16809,-0.45593,0.89414,-0.55189,-0.36204
0,0.4,0.1884,0.25411,0.20852,0.14735,0.15101,-0.091102,0.47075,-0.46077,-0.37597
0,0.4,0.2512,0.2777,0.20997,0.1301,0.13004,0.40418,0.21894,-0.3506,-0.40138
0,0.4,0.314,0.30581,0.20526,0.11407,0.10526,0.5887,0.22112,-0.26813,-0.44287
0,0.4,0.3768,0.33453,0.19224,0.10274,0.078026,0.51666,0.32825,-0.23118,-0.50118
0,0.4,0.4396,0.3559,0.17402,0.097842,0.050971,0.36885,0.46858,-0.25056,-0.56967
0,0.4,0.5024,0.36978,0.15985,0.096381,0.023749,0.22416,0.61948,-0.33691,-0.63415
0,0.4,0.5652,0.39851,0.14929,0.09926,-0.011465,0.10306,0.77322,-0.49537,-0.6785
0,0.4,0.628,0.45933,0.13028,0.11725,-0.057443,0.0069911,0.92152,-0.70285,-0.69199
0,0.4,0.6908,0.53151,0.10586,0.1516,-0.099997,-0.067591,1.0191,-0.86854,-0.67183
0,0.4,0.7536,0.58025,0.0931,0.18674,-0.12282,-0.12494,0.83713,-0.84257,-0.62079
0,0.4,0.8164,0.59327,0.099719,0.20895,-0.124,-0.16889,0.38912,-0.60013,-0.54377
0,0.4,0.8792,0.58001,0.12056,0.21638,-0.1116,-0.20255,0.3231,-0.37338,-0.44593
0,0.4,0.942,0.55376,0.14777,0.2134,-0.09351,-0.22839,0.42709,-0.33681,-0.33215
0,0.4,1.0048,0.52337,0.17625,0.20448,-0.074154,-0.2483,0.5492,-0.43401,-0.20715
0,0.4,1.0676,0.49325,0.2037,0.19244,-0.05539,-0.26373,0.666,-0.56174,-0.075656
0,0.4,1.1304,0.46517,0.22945,0.17875,-0.037789,-0.27577,0.7744,-0.66914,0.057669
0,0.4,1.1932,0.43968,0.25354,0.16404,-0.021391,-0.28524,0.87394,-0.74464,0.18845
0,0.4,1.256,0.41682,0.2763,0.14852,-0.006056,-0.29273,0.96463,-0.79159,0.31293
0,0.4,1.3188,0.3964,0.2981,0.13215,0.0083967,-0.29872,1.0467,-0.81655,0.42821
0,0.4,1.3816,0.37822,0.31934,0.11479,0.022134,-0.30355,1.1204,-0.82554,0.53243
0,0.4,1.4444,0.3621,0.34039,0.096194,0.035292,-0.30748,1.1863,-0.82326,0.6247
0,0.4,1.5072,0.34785,0.36159,0.076079,0.047976,-0.31072,1.2448,-0.8132,0.705
0,0.4,1.57,0.33536,0.38329,0.054088,0.060261,-0.31345,1.2964,-0.79797,0.77392
0,0.4,1.6328,0.32456,0.40585,0.029804,0.072194,-0.31581,1.3418,-0.77946,0.83246
0,0.4,1.6956,0.3154,0.42954,0.0027535,0.083793,-0.31791,1.3814,-0.7591,0.88185
0,0.4,1.7584,0.30791,0.45458,-0.027556,0.095033,-0.31984,1.4159,-0.73791,0.92335
0,0.4,1.8212,0.30222,0.48088,-0.061518,0.1058,-0.32169,1.4456,-0.71665,0.95819
0,0.4,1.884,0.29856,0.50773,-0.09913,0.11582,-0.3235,1.4712,-0.69587,0.98749
0,0.4,1.9468,0.29733,0.53312,-0.1393,0.12439,-0.32532,1.493,-0.67591,1.0123
0,0.4,2.0096,0.29911,0.55236,-0.17842,0.13002,-0.32716,1.5114,-0.65704,1.0333
0,0.4,2.0724,0.30467,0.55618,-0.20777,0.12968,-0.32905,1.5269,-0.63939,1.0514
0,0.4,2.1352,0.31454,0.5296,-0.21091,0.11816,-0.33098,1.5398,-0.62303,1.0671
0,0.4,2.198,0.32797,0.45702,-0.16646,0.089152,-0.33295,1.5503,-0.60799,1.0809
0,0.4,2.2608,0.34159,0.33895,-0.065441,0.041055,-0.33496,1.5588,-0.59425,1.0932
0,0.4,2.3236,0.34897,0.2057,0.067275,-0.015038,-0.337,1.5654,-0.58177,1.1043
0,0.4,2.3864,0.34129,0.099543,0.18349,-0.054639,-0.33908,1.5705,-0.57047,1.1144
0,0.4,2.4492,0.30831,0.046366,0.24607,-0.047272,-0.34119,1.5742,-0.56028,1.1239
0,0.4,2.512,0.2501,0.050013,0.24737,0.021823,-0.34332,1.5766,-0.55114,1.1328
0,0.4,2.5748,0.1933,0.090879,0.21312,0.11661,-0.34548,1.5779,-0.54294,1.1413
0,0.4,2.6376,0.16591,0.13913,0.17705,0.18157,-0.34766,1.5782,-0.53562,1.1495
0,0.4,2.7004,0.16874,0.18045,0.15068,0.20233,-0.34986,1.5777,-0.5291,1.1575
0,0.4,2.7632,0.18976,0.21319,0.13229,0.19368,-0.35209,1.5765,-0.52329,1.1654
0,0.4,2.826,0.21636,0.23621,0.12101,0.17522,-0.35433,1.5746,-0.51812,1.1732
0,0.4,2.8888,0.23809,0.24864,0.11704,0.16157,-0.35659,1.5721,-0.51354,1.1809
0,0.4,2.9516,0.25058,0.25311,0.11869,0.15678,-0.35888,1.5691,-0.50948,1.1886
0,0.4,3.0144,0.25445,0.25315,0.12362,0.15838,-0.36118,1.5657,-0.50589,1.1962
0,0.4,3.0772,0.2517,0.25082,0.13028,0.16331,-0.3635,1.5618,-0.50271,1.2039
0,0.4,3.14,0.24417,0.2469,0.1376,0.16958,-0.36584,1.5576,-0.4999,1.2115
0,0.5,-3.14,0.23914,0.24948,0.13374,0.16949,0.086811,-0.43752,-0.35783,-1.3031
0,0.5,-3.0772,0.22981,0.24506,0.13934,0.17482,0.086481,-0.41192,-0.35779,-1.3021
0,0.5,-3.0144,0.21851,0.23999,0.14326,0.17988,0.086127,-0.38593,-0.35775,-1.3012
0,0.5,-2.9516,0.20621,0.23509,0.14371,0.18478,0.085745,-0.35958,-0.3577,-1.3001
0,0.5,-2.8888,0.19344,0.23196,0.13811,0.1901,0.08533,-0.3329,-0.35765,-1.299
0,0.5,-2.826,0.18035,0.23387,0.12329,0.19583,0.084876,-0.30592,-0.35759,-1.2978
0,0.5,-2.7632,0.16721,0.24498,0.098871,0.19781,0.084377,-0.27869,-0.35752,-1.2965
0,0.5,-2.7004,0.15117,0.25804,0.080403,0.18874,0.083822,-0.25121,-0.35744,-1.2951
0,0.5,-2.6376,0.11393,0.23474,0.10591,0.19021,0.0832,-0.22354,-0.35735,-1.2936
0,0.5,-2.5748,0.033367,0.15361,0.18138,0.27769,0.082497,-0.19569,-0.35725,-1.2919
0,0.5,-2.512,-0.057149,0.093022,0.2307,0.45316,0.081692,-0.16769,-0.35713,-1.2901
0,0.5,-2.4492,-0.10832,0.10388,0.21568,0.59306,0.080762,-0.13958,-0.357,-1.2881
0,0.5,-2.3864,-0.12692,0.1342,0.18563,0.65246,0.079674,-0.11137,-0.35685,-1.2859
0,0.5,-2.3236,-0.12611,0.15037,0.17275,0.65668,0.078386,-0.083094,-0.35668,-1.2833
0,0.5,-2.2608,-0.11075,0.15259,0.17777,0.63024,0.076846,-0.054773,-0.35648,-1.2804
0,0.5,-2.198,-0.086616,0.14767,0.19275,0.59016,0.074982,-0.026424,-0.35626,-1.2769
0,0.5,-2.1352,-0.059631,0.13967,0.21148,0.54719,0.072704,0.0019366,-0.356,-1.2727
0,0.5,-2.0724,-0.033617,0.13016,0.23087,0.50674,0.069895,0.030295,-0.35571,-1.2675
0,0.5,-2.0096,-0.010321,0.11957,0.2498,0.47081,0.066405,0.058642,-0.35538,-1.2609
0,0.5,-1.9468,0.0097731,0.10802,0.26805,0.43966,0.062045,0.086974,-0.35501,-1.2522
0,0.5,-1.884,0.026779,0.095518,0.28573,0.41288,0.05658,0.11529,-0.35459,-1.2406
0,0.5,-1.8212,0.041037,0.082052,0.30306,0.38982,0.04973,0.1436,-0.35412,-1.2248
0,0.5,-1.7584,0.052937,0.067613,0.32029,0.36985,0.041165,0.17191,-0.3536,-1.203
0,0.5,-1.6956,0.062851,0.052182,0.33764,0.3524,0.030527,0.20024,-0.35304,-1.1725
0,0.5,-1.6328,0.071106,0.035719,0.35533,0.33696,0.017449,0.22862,-0.35247,-1.1301
0,0.5,-1.57,0.077979,0.018166,0.37355,0.3231,0.0015999,0.25709,-0.35194,-1.0714
0,0.5,-1.5072,0.083705,-0.00056273,0.39251,0.31043,-0.017269,0.2857,-0.35152,-0.99137
0,0.5,-1.4444,0.088485,-0.020578,0.41241,0.2986,-0.039281,0.31451,-0.35139,-0.88544
0,0.5,-1.3816,0.092513,-0.042025,0.43345,0.28724,-0.064431,0.34359,-0.35181,-0.75128
0,0.5,-1.3188,0.096006,-0.065081,0.45582,0.27591,-0.092625,0.37303,-0.35322,-0.59219
0,0.5,-1.256,0.099265,-0.089966,0.47971,0.26407,-0.12379,0.40293,-0.35634,-0.42097
0,0.5,-1.1932,0.1028,-0.11696,0.50523,0.25096,-0.158,0.43341,-0.36229,-0.26235
0,0.5,-1.1304,0.10753,-0.1464,0.53234,0.23548,-0.19557,0.46462,-0.37264,-0.151
0,0.5,-1.0676,0.11514,-0.17878,0.56074,0.21598,-0.2371,0.49668,-0.38939,-0.12263
0,0.5,-1.0048,0.12857,-0.21485,0.58983,0.19021,-0.28341,0.52961,-0.41436,-0.19684
0,0.5,-0.942,0.15224,-0.25581,0.61889,0.15557,-0.3354,0.56269,-0.44721,-0.34815
0,0.5,-0.8792,0.19116,-0.30354,0.64799,0.11039,-0.39374,0.59114,-0.48091,-0.46309
0,0.5,-0.8164,0.24751,-0.36029,0.67944,0.056299,-0.45849,0.59109,-0.49557,-0.33374
0,0.5,-0.7536,0.3158,-0.4267,0.7174,0.00027873,-0.52851,0.50163,-0.46283,0.12472
0,0.5,-0.6908,0.38046,-0.4955,0.76073,-0.045654,-0.60073,0.37455,-0.3804,0.57679
0,0.5,-0.628,0.41614,-0.53608,0.78509,-0.064608,-0.66921,0.34353,-0.28973,0.68956
0,0.5,-0.5652,0.39291,-0.4784,0.72666,-0.037054,-0.72444,0.3577,-0.21291,0.53903
0,0.5,-0.5024,0.31335,-0.2816,0.548,0.032589,-0.75323,0.35315,-0.12764,0.31204
0,0.5,-0.4396,0.23629,-0.068961,0.36586,0.10104,-0.74062,0.25993,-0.013942,0.10684
0,0.5,-0.3768,0.18944,0.03825,0.29057,0.15148,-0.67495,-0.032092,0.12175,-0.050211
0,0.5,-0.314,0.1648,0.076676,0.27507,0.18828,-0.5564,-0.48245,0.25846,-0.16169
0,0.5,-0.2512,0.16121,0.10351,0.25917,0.2058,-0.40566,-0.58782,0.38379,-0.23739
0,0.5,-0.1884,0.17001,0.12848,0.2391,0.20869,-0.26525,-0.42184,0.48713,-0.28687
0,0.5,-0.1256,0.18212,0.14918,0.22132,0.20512,-0.18668,-0.32247,0.49571,-0.31783
0,0.5,-0.0628,0.19429,0.1656,0.20642,0.19866,-0.20661,-0.14409,0.25827,-0.33622
0,0.5,-4.4409e-16,0.20647,0.1786,0.19289,0.19006,-0.32195,0.24222,-0.19156,-0.34686
0,0.5,0.0628,0.21958,0.18881,0.1793,0.17917,-0.46376,0.77771,-0.50187,-0.35406
0,0.5,0.1256,0.23478,0.1965,0.16475,0.16557,-0.4573,0.87833,-0.54431,-0.36224
0,0.5,0.1884,0.25323,0.20137,0.14905,0.14879,-0.095566,0.46356,-0.45488,-0.37637
0,0.5,0.2512,0.2756,0.20225,0.13299,0.12852,0.4011,0.21617,-0.34592,-0.40186
0,0.5,0.314,0.30103,0.19708,0.11868,0.10502,0.58878,0.21993,-0.26431,-0.44331
0,0.5,0.3768,0.32554,0.18478,0.1089,0.079558,0.51789,0.32757,-0.22779,-0.5014
0,0.5,0.4396,0.34323,0.16924,0.10445,0.053777,0.36997,0.46804,-0.24706,-0.56942
0,0.5,0.5024,0.35759,0.15761,0.10301,0.025866,0.22479,0.61894,-0.33269,-0.63318
0,0.5,0.5652,0.38926,0.14739,0.10702,-0.010957,0.10318,0.77267,-0.49019,-0.67662
0,0.5,0.628,0.4499,0.12916,0.12545,-0.056777,0.0066588,0.92121,-0.69793,-0.68915
0,0.5,0.6908,0.51883,0.10746,0.1577,-0.097541,-0.068294,1.0216,-0.86789,-0.66812
0,0.5,0.7536,0.56526,0.097159,0.18984,-0.11897,-0.12595,0.85112,-0.85055,-0.61639
0,0.5,0.8164,0.57864,0.10441,0.21021,-0.1199,-0.17013,0.39889,-0.61323,-0.53891
0,0.5,0.8792,0.56737,0.12458,0.2172,-0.1079,-0.20399,0.32333,-0.38269,-0.44086
0,0.5,0.942,0.54345,0.15077,0.21452,-0.090292,-0.22999,0.42533,-0.34056,-0.32712
0,0.5,1.0048,0.51512,0.17839,0.2061,-0.071318,-0.25005,0.54689,-0.43525,-0.20244
0,0.5,1.0676,0.48662,0.20526,0.19451,-0.05282,-0.26562,0.66331,-0.56249,-0.071527
0,0.5,1.1304,0.45981,0.23068,0.18115,-0.035402,-0.27779,0.77135,-0.66989,0.060985
0,0.5,1.1932,0.4353,0.25463,0.16667,-0.019136,-0.28739,0.87053,-0.74523,0.19076
0,0.5,1.256,0.41321,0.27735,0.15129,-0.0039026,-0.29502,0.96087,-0.79179,0.31411
0,0.5,1.3188,0.39341,0.29918,0.135,0.010464,-0.30115,1.0426,-0.81625,0.42819
0,0.5,1.3816,0.37576,0.32047,0.11769,0.02412,-0.30613,1.116,-0.82472,0.53122
0,0.5,1.4444,0.36006,0.34156,0.099147,0.037196,-0.31023,1.1816,-0.82198,0.62237
0,0.5,1.5072,0.3462,0.36279,0.079104,0.049788,-0.31365,1.2398,-0.81156,0.70163
0,0.5,1.57,0.33404,0.38448,0.05723,0.061962,-0.31656,1.2912,-0.79606,0.76965
0,0.5,1.6328,0.32354,0.40695,0.033135,0.073754,-0.31912,1.3363,-0.77739,0.82742
0,0.5,1.6956,0.31465,0.43049,0.0063799,0.085166,-0.32143,1.3757,-0.75694,0.87616
0,0.5,1.7584,0.30742,0.45526,-0.023484,0.096153,-0.32359,1.41,-0.73574,0.91713
0,0.5,1.8212,0.30198,0.48116,-0.056797,0.10658,-0.32569,1.4395,-0.71452,0.95155
0,0.5,1.884,0.29856,0.50749,-0.093504,0.11611,-0.32776,1.4649,-0.69381,0.98051
0,0.5,1.9468,0.29757,0.5323,-0.13252,0.12403,-0.32985,1.4866,-0.67395,1.005
0,0.5,2.0096,0.29961,0.55117,-0.17041,0.12885,-0.33199,1.5049,-0.6552,1.0259
0,0.5,2.0724,0.30541,0.55552,-0.19918,0.12768,-0.33417,1.5203,-0.63768,1.0437
0,0.5,2.1352,0.31542,0.53158,-0.2039,0.11567,-0.33642,1.5331,-0.62145,1.0593
0,0.5,2.198,0.32883,0.46441,-0.16485,0.087117,-0.33872,1.5435,-0.60655,1.0729
0,0.5,2.2608,0.34198,0.3522,-0.071898,0.040652,-0.34107,1.5519,-0.59293,1.0851
0,0.5,2.3236,0.3479,0.22036,0.055405,-0.01304,-0.34346,1.5585,-0.58057,1.096
0,0.5,2.3864,0.33748,0.10988,0.17241,-0.049728,-0.34589,1.5636,-0.56939,1.106
0,0.5,2.4492,0.30209,0.050313,0.24016,-0.040218,-0.34836,1.5672,-0.55931,1.1153
0,0.5,2.512,0.24416,0.048356,0.24775,0.027363,-0.35085,1.5695,-0.55027,1.124
0,0.5,2.5748,0.18827,0.085852,0.21748,0.11955,-0.35336,1.5708,-0.54217,1.1324
0,0.5,2.6376,0.1596,0.13358,0.1818,0.18541,-0.35589,1.5712,-0.53493,1.1404
0,0.5,2.7004,0.16008,0.17563,0.1546,0.20888,-0.35844,1.5707,-0.52848,1.1481
0,0.5,2.7632,0.17898,0.20916,0.13566,0.20225,-0.36099,1.5694,-0.52274,1.1557
0,0.5,2.826,0.20452,0.23336,0.12368,0.18393,-0.36356,1.5675,-0.51764,1.1633
0,0.5,2.8888,0.22676,0.2475,0.11846,0.16847,-0.36612,1.565,-0.51311,1.1707
0,0.5,2.9516,0.24075,0.25349,0.11865,0.1613,-0.36869,1.562,-0.5091,1.1782
0,0.5,3.0144,0.24639,0.25455,0.12218,0.16089,-0.37125,1.5586,-0.50555,1.1856
0,0.5,3.0772,0.2454,0.25293,0.12747,0.16425,-0.37381,1.5547,-0.50241,1.1931
0,0.5,3.14,0.23954,0.24968,0.13344,0.16923,-0.37636,1.5505,-0.49963,1.2006
0,0.6,-3.14,0.23162,0.25116,0.1308,0.17057,0.091664,-0.44049,-0.35782,-1.3036
0,0.6,-3.0772,0.22386,0.24749,0.13498,0.17482,0.091314,-0.4147,-0.35779,-1.3027
0,0.6,-3.0144,0.21383,0.24331,0.13743,0.17918,0.090929,-0.38853,-0.35775,-1.3018
0,0.6,-2.9516,0.20238,0.23944,0.13641,0.18376,0.090503,-0.362,-0.3577,-1.3007
0,0.6,-2.8888,0.18987,0.23746,0.12963,0.18893,0.090029,-0.33517,-0.35764,-1.2996
0,0.6,-2.826,0.1763,0.23999,0.11501,0.19416,0.0895,-0.30804,-0.35758,-1.2984
0,0.6,-2.7632,0.16086,0.24804,0.095097,0.19601,0.088904,-0.28067,-0.35751,-1.2971
0,0.6,-2.7004,0.13771,0.24899,0.087297,0.19387,0.08823,-0.25307,-0.35743,-1.2957
0,0.6,-2.6376,0.089339,0.20923,0.12137,0.21671,0.08746,-0.22528,-0.35734,-1.2942
0,0.6,-2.5748,0.0066917,0.12628,0.19085,0.32212,0.086575,-0.19733,-0.35724,-1.2925
0,0.6,-2.512,-0.071102,0.077585,0.22774,0.4854,0.085548,-0.16924,-0.35712,-1.2906
0,0.6,-2.4492,-0.11025,0.093459,0.21091,0.60311,0.084345,-0.14105,-0.35699,-1.2886
0,0.6,-2.3864,-0.12206,0.1239,0.18495,0.64952,0.082922,-0.11277,-0.35683,-1.2862
0,0.6,-2.3236,-0.11747,0.1412,0.17519,0.64826,0.081224,-0.084443,-0.35666,-1.2836
0,0.6,-2.2608,-0.10081,0.1457,0.18118,0.62074,0.079177,-0.056076,-0.35646,-1.2805
0,0.6,-2.198,-0.077188,0.14305,0.19587,0.58181,0.076687,-0.027692,-0.35623,-1.2769
0,0.6,-2.1352,-0.051548,0.1368,0.21389,0.54072,0.073633,0.00069208,-0.35597,-1.2725
0,0.6,-2.0724,-0.027052,0.12851,0.23257,0.50212,0.069864,0.029064,-0.35567,-1.267
0,0.6,-2.0096,-0.0051438,0.11875,0.25089,0.46772,0.065188,0.057416,-0.35534,-1.2599
0,0.6,-1.9468,0.013779,0.10777,0.26863,0.43777,0.059373,0.085742,-0.35496,-1.2507
0,0.6,-1.884,0.029826,0.09568,0.28588,0.41188,0.052143,0.11404,-0.35453,-1.2384
0,0.6,-1.8212,0.043305,0.082532,0.30284,0.38949,0.043191,0.14233,-0.35404,-1.2216
0,0.6,-1.7584,0.054571,0.06836,0.31972,0.37,0.032195,0.17061,-0.35352,-1.1984
0,0.6,-1.6956,0.063965,0.053171,0.33674,0.35289,0.018851,0.1989,-0.35295,-1.1662
0,0.6,-1.6328,0.07179,0.036943,0.35408,0.33769,0.0029252,0.22724,-0.35237,-1.1213
0,0.6,-1.57,0.078304,0.019629,0.37195,0.324,-0.015697,0.25567,-0.35183,-1.0593
0,0.6,-1.5072,0.083729,0.0011575,0.39051,0.31146,-0.036979,0.28422,-0.35143,-0.97508
0,0.6,-1.4444,0.088255,-0.018575,0.40996,0.29972,-0.060746,0.31297,-0.35133,-0.86418
0,0.6,-1.3816,0.092069,-0.039702,0.43048,0.28843,-0.086749,0.34199,-0.35181,-0.72468
0,0.6,-1.3188,0.095375,-0.062389,0.45225,0.27719,-0.11479,0.37136,-0.35336,-0.56081
0,0.6,-1.256,0.098462,-0.086838,0.47543,0.26551,-0.14486,0.4012,-0.35673,-0.38673
0,0.6,-1.1932,0.10181,-0.1133,0.50009,0.25268,-0.17721,0.43163,-0.36309,-0.22863
0,0.6,-1.1304,0.10626,-0.14209,0.52619,0.23767,-0.21242,0.46278,-0.37409,-0.12199
0,0.6,-1.0676,0.11335,-0.17364,0.55345,0.21902,-0.25135,0.49478,-0.39179,-0.10212
0,0.6,-1.0048,0.12572,-0.20859,0.58131,0.19469,-0.29499,0.52762,-0.41796,-0.18659
0,0.6,-0.942,0.1473,-0.24797,0.6091,0.16236,-0.34436,0.56036,-0.45192,-0.34608
0,0.6,-0.8792,0.18254,-0.29335,0.63683,0.12051,-0.40017,0.58699,-0.48569,-0.46165
0,0.6,-0.8164,0.2335,-0.34655,0.66632,0.070545,-0.46253,0.57887,-0.49801,-0.32263
0,0.6,-0.7536,0.29559,-0.40782,0.70086,0.018677,-0.53034,0.47574,-0.46098,0.14487
0,0.6,-0.6908,0.35519,-0.47043,0.73928,-0.024208,-0.60061,0.35837,-0.3769,0.59282
0,0.6,-0.628,0.39052,-0.50856,0.76168,-0.0435,-0.66758,0.33939,-0.28895,0.69845
0,0.6,-0.5652,0.3769,-0.46502,0.71599,-0.023644,-0.72192,0.35761,-0.2146,0.54589
0,0.6,-0.5024,0.31319,-0.29757,0.56228,0.033243,-0.75071,0.35502,-0.12991,0.31923
0,0.6,-0.4396,0.24408,-0.092846,0.38266,0.093925,-0.73911,0.26343,-0.017155,0.11383
0,0.6,-0.3768,0.19899,0.026725,0.29195,0.14067,-0.67537,-0.026561,0.11542,-0.044454
0,0.6,-0.314,0.17274,0.070853,0.27171,0.17724,-0.55914,-0.47008,0.24801,-0.15769
0,0.6,-0.2512,0.16472,0.096272,0.25965,0.19804,-0.41031,-0.56655,0.37213,-0.23516
0,0.6,-0.1884,0.17014,0.11998,0.24209,0.20381,-0.27056,-0.40761,0.47975,-0.28616
0,0.6,-0.1256,0.18084,0.14054,0.22459,0.20156,-0.19114,-0.31539,0.49637,-0.31834
0,0.6,-0.0628,0.19275,0.15719,0.20917,0.19553,-0.20917,-0.14333,0.26688,-0.33767
0,0.6,-4.4409e-16,0.2051,0.17039,0.1951,0.18704,-0.32257,0.23349,-0.17966,-0.34902
0,0.6,0.0628,0.21842,0.1807,0.18122,0.17621,-0.46363,0.7596,-0.49161,-0.35675
0,0.6,0.1256,0.23361,0.18828,0.16683,0.16278,-0.459,0.86289,-0.5365,-0.36531
0,0.6,0.1884,0.25149,0.19275,0.15185,0.14643,-0.10035,0.45655,-0.44886,-0.37967
0,0.6,0.2512,0.27226,0.193,0.13721,0.12703,0.39764,0.21355,-0.34119,-0.40526
0,0.6,0.314,0.2946,0.18754,0.12475,0.10495,0.58843,0.21885,-0.26049,-0.44664
0,0.6,0.3768,0.31483,0.17647,0.11644,0.081186,0.51862,0.32696,-0.22446,-0.50445
0,0.6,0.4396,0.32957,0.16396,0.11228,0.056288,0.37048,0.46755,-0.24367,-0.5719
0,0.6,0.5024,0.34541,0.15482,0.11098,0.027375,0.2247,0.61845,-0.32863,-0.63476
0,0.6,0.5652,0.38033,0.14508,0.1161,-0.010841,0.10243,0.77214,-0.48518,-0.67706
0,0.6,0.628,0.44052,0.12806,0.13468,-0.055964,0.0053086,0.92091,-0.69311,-0.68833
0,0.6,0.6908,0.50558,0.10945,0.16455,-0.094388,-0.070165,1.0239,-0.86715,-0.66609
0,0.6,0.7536,0.54908,0.10179,0.19346,-0.11404,-0.12826,0.8648,-0.85833,-0.61328
0,0.6,0.8164,0.56244,0.10974,0.21175,-0.11459,-0.17283,0.40907,-0.62633,-0.53497
0,0.6,0.8792,0.55307,0.12922,0.21811,-0.10298,-0.20702,0.32367,-0.39215,-0.43638
0,0.6,0.942,0.53158,0.15431,0.21562,-0.085947,-0.23331,0.4236,-0.34433,-0.32245
0,0.6,1.0048,0.50547,0.18093,0.20765,-0.067455,-0.25363,0.5446,-0.43638,-0.19792
0,0.6,1.0676,0.4788,0.20709,0.19651,-0.049311,-0.26944,0.66064,-0.56309,-0.067482
0,0.6,1.1304,0.45343,0.23207,0.18351,-0.032148,-0.28184,0.76831,-0.67048,0.064253
0,0.6,1.1932,0.43005,0.25576,0.16928,-0.016072,-0.29165,0.86713,-0.74567,0.19302
0,0.6,1.256,0.40886,0.27836,0.15407,-0.00099042,-0.29949,0.95712,-0.79186,0.3152
0,0.6,1.3188,0.3898,0.30015,0.1379,0.013245,-0.30582,1.0385,-0.81584,0.42805
0,0.6,1.3816,0.37275,0.32143,0.12067,0.02678,-0.311,1.1116,-0.82382,0.52985
0,0.6,1.4444,0.35757,0.34251,0.10222,0.039732,-0.3153,1.1769,-0.82065,0.61983
0,0.6,1.5072,0.34415,0.36371,0.082284,0.052189,-0.31892,1.2348,-0.80988,0.69804
0,0.6,1.57,0.33239,0.38534,0.060568,0.064207,-0.32204,1.2859,-0.79413,0.76513
0,0.6,1.6328,0.32224,0.40769,0.036707,0.07581,-0.3248,1.3308,-0.7753,0.82213
0,0.6,1.6956,0.31368,0.43102,0.010296,0.086983,-0.32731,1.37,-0.75478,0.87023
0,0.6,1.7584,0.30676,0.45549,-0.019073,0.09766,-0.32969,1.4041,-0.73357,0.9107
0,0.6,1.8212,0.30162,0.48097,-0.051696,0.10767,-0.33198,1.4335,-0.71239,0.94471
0,0.6,1.884,0.2985,0.50678,-0.087489,0.11666,-0.33427,1.4587,-0.69175,0.97337
0,0.6,1.9468,0.29782,0.53109,-0.12541,0.12388,-0.33657,1.4803,-0.67201,0.99763
0,0.6,2.0096,0.30018,0.54981,-0.16231,0.12786,-0.33891,1.4985,-0.65337,1.0183
0,0.6,2.0724,0.30627,0.55513,-0.19097,0.12584,-0.3413,1.5137,-0.63598,1.036
0,0.6,2.1352,0.31653,0.53446,-0.19805,0.1134,-0.34374,1.5264,-0.61989,1.0515
0,0.6,2.198,0.33003,0.4735,-0.16544,0.085385,-0.34623,1.5368,-0.60511,1.065
0,0.6,2.2608,0.34287,0.36802,-0.081719,0.040629,-0.34875,1.5451,-0.59163,1.0771
0,0.6,2.3236,0.34754,0.2381,0.039213,-0.010631,-0.35131,1.5517,-0.57939,1.0879
0,0.6,2.3864,0.33456,0.12284,0.15699,-0.04454,-0.3539,1.5566,-0.56832,1.0978
0,0.6,2.4492,0.29674,0.055587,0.23093,-0.033127,-0.35649,1.5602,-0.55835,1.107
0,0.6,2.512,0.23861,0.046758,0.24616,0.033017,-0.3591,1.5626,-0.5494,1.1156
0,0.6,2.5748,0.18312,0.080001,0.22111,0.12275,-0.3617,1.5638,-0.54139,1.1237
0,0.6,2.6376,0.15285,0.12664,0.18676,0.18957,-0.3643,1.5642,-0.53424,1.1315
0,0.6,2.7004,0.15048,0.16913,0.15916,0.21625,-0.36689,1.5636,-0.52786,1.1391
0,0.6,2.7632,0.16661,0.20327,0.13985,0.21247,-0.36946,1.5624,-0.52219,1.1465
0,0.6,2.826,0.19038,0.22848,0.12742,0.19505,-0.372,1.5605,-0.51715,1.1538
0,0.6,2.8888,0.21255,0.24433,0.12116,0.17812,-0.37453,1.558,-0.51268,1.1611
0,0.6,2.9516,0.22782,0.25212,0.11995,0.16831,-0.37702,1.555,-0.50872,1.1683
0,0.6,3.0144,0.23523,0.25453,0.12206,0.16543,-0.37948,1.5516,-0.50521,1.1755
0,0.6,3.0772,0.23606,0.25383,0.12597,0.16686,-0.38191,1.5477,-0.50211,1.1827
0,0.6,3.14,0.23193,0.25132,0.13057,0.17037,-0.38429,1.5435,-0.49937,1.19
0,0.7,-3.14,0.22085,0.25122,0.12908,0.17418,0.092994,-0.44336,-0.35782,-1.3039
0,0.7,-3.0772,0.21459,0.24834,0.13174,0.17741,0.092532,-0.41738,-0.35778,-1.3029
0,0.7,-3.0144,0.2057,0.24496,0.1326,0.18135,0.092018,-0.39102,-0.35774,-1.302
0,0.7,-2.9516,0.19482,0.24196,0.13003,0.18605,0.091442,-0.36433,-0.35769,-1.3009
0,0.7,-2.8888,0.18212,0.24076,0.1222,0.19167,0.090796,-0.33734,-0.35764,-1.2997
0,0.7,-2.826,0.16719,0.24286,0.10844,0.19748,0.090068,-0.31007,-0.35758,-1.2985
0,0.7,-2.7632,0.14786,0.24587,0.093873,0.20188,0.089244,-0.28256,-0.3575,-1.2971
0,0.7,-2.7004,0.11639,0.23401,0.095989,0.21055,0.088304,-0.25484,-0.35742,-1.2956
0,0.7,-2.6376,0.058904,0.1814,0.13597,0.25457,0.087228,-0.22694,-0.35733,-1.294
0,0.7,-2.5748,-0.021088,0.10206,0.19777,0.37081,0.085985,-0.19889,-0.35723,-1.2922
0,0.7,-2.512,-0.084315,0.066342,0.22371,0.51666,0.08454,-0.17072,-0.35711,-1.2902
0,0.7,-2.4492,-0.1117,0.086103,0.20655,0.61181,0.082846,-0.14245,-0.35697,-1.288
0,0.7,-2.3864,-0.11671,0.11589,0.18504,0.64531,0.080843,-0.11411,-0.35681,-1.2855
0,0.7,-2.3236,-0.10829,0.13376,0.17828,0.63861,0.078454,-0.085727,-0.35664,-1.2826
0,0.7,-2.2608,-0.090332,0.14005,0.18506,0.61009,0.07558,-0.057318,-0.35643,-1.2793
0,0.7,-2.198,-0.067219,0.13933,0.19931,0.57242,0.072095,-0.028904,-0.3562,-1.2753
0,0.7,-2.1352,-0.04294,0.13462,0.21651,0.53335,0.067843,-0.00049849,-0.35594,-1.2705
0,0.7,-2.0724,-0.019997,0.12742,0.23438,0.49673,0.062628,0.027885,-0.35563,-1.2646
0,0.7,-2.0096,0.00047059,0.11843,0.25201,0.464,0.056218,0.056237,-0.35529,-1.257
0,0.7,-1.9468,0.018163,0.10799,0.26918,0.43536,0.048345,0.084555,-0.3549,-1.2471
0,0.7,-1.884,0.033194,0.096289,0.28596,0.41047,0.03872,0.11284,-0.35446,-1.2339
0,0.7,-1.8212,0.045842,0.083455,0.30251,0.38883,0.027059,0.1411,-0.35397,-1.2159
0,0.7,-1.7584,0.056429,0.069554,0.31902,0.3699,0.013128,0.16935,-0.35343,-1.1912
0,0.7,-1.6956,0.065266,0.054616,0.33567,0.35319,-0.0032089,0.1976,-0.35286,-1.1569
0,0.7,-1.6328,0.072628,0.038639,0.35265,0.33829,-0.021936,0.2259,-0.35227,-1.1094
0,0.7,-1.57,0.078757,0.02159,0.37013,0.32481,-0.04287,0.25427,-0.35174,-1.0439
0,0.7,-1.5072,0.083856,0.0034069,0.38827,0.31242,-0.065686,0.28277,-0.35135,-0.95538
0,0.7,-1.4444,0.088106,-0.016001,0.40724,0.3008,-0.090015,0.31145,-0.35128,-0.83943
0,0.7,-1.3816,0.091681,-0.036753,0.42721,0.28962,-0.11557,0.34041,-0.35185,-0.69464
0,0.7,-1.3188,0.094775,-0.058999,0.44833,0.27852,-0.14228,0.36972,-0.35355,-0.52622
0,0.7,-1.256,0.097656,-0.08292,0.47074,0.26703,-0.17034,0.39949,-0.35719,-0.34976
0,0.7,-1.1932,0.10076,-0.10874,0.49449,0.25451,-0.20031,0.42985,-0.364,-0.19284
0,0.7,-1.1304,0.10487,-0.13672,0.51954,0.24005,-0.23296,0.46094,-0.37571,-0.091636
0,0.7,-1.0676,0.11135,-0.16724,0.5456,0.22232,-0.26931,0.49288,-0.39442,-0.080868
0,0.7,-1.0048,0.12252,-0.20083,0.57216,0.19951,-0.31043,0.52561,-0.42185,-0.17593
0,0.7,-0.942,0.14184,-0.23833,0.59864,0.16958,-0.35735,0.55789,-0.45693,-0.34358
0,0.7,-0.8792,0.17319,-0.28102,0.62496,0.13116,-0.41079,0.58223,-0.49065,-0.45941
0,0.7,-0.8164,0.21856,-0.33031,0.6525,0.085373,-0.47085,0.56461,-0.5004,-0.31043
0,0.7,-0.7536,0.27426,-0.38618,0.6838,0.037585,-0.53647,0.44928,-0.45912,0.16564
0,0.7,-0.6908,0.32882,-0.44268,0.7178,-0.0026323,-0.60476,0.34404,-0.37387,0.60863
0,0.7,-0.628,0.36396,-0.47878,0.7388,-0.022878,-0.6701,0.33549,-0.28883,0.70642
0,0.7,-0.5652,0.35954,-0.44898,0.70546,-0.010822,-0.72342,0.35693,-0.21674,0.55098
0,0.7,-0.5024,0.31168,-0.31209,0.57787,0.033361,-0.752,0.35583,-0.13251,0.32384
0,0.7,-0.4396,0.25187,-0.12093,0.40576,0.085655,-0.74121,0.26552,-0.020791,0.11773
0,0.7,-0.3768,0.20909,0.010489,0.29863,0.12841,-0.67919,-0.022535,0.10857,-0.04196
0,0.7,-0.314,0.18218,0.06372,0.26872,0.16385,-0.56514,-0.45872,0.23726,-0.1569
0,0.7,-0.2512,0.17013,0.088867,0.25903,0.18754,-0.4181,-0.54564,0.36078,-0.23597
0,0.7,-0.1884,0.17147,0.11082,0.24485,0.19687,-0.27899,-0.39282,0.47322,-0.28832
0,0.7,-0.1256,0.17996,0.1308,0.22842,0.19672,-0.19874,-0.30689,0.49799,-0.32155
0,0.7,-0.0628,0.19109,0.14749,0.21282,0.19161,-0.21493,-0.14091,0.27627,-0.34169
0,0.7,-4.4409e-16,0.20332,0.16085,0.19833,0.1835,-0.32645,0.22626,-0.16719,-0.35365
0,0.7,0.0628,0.21664,0.17119,0.18427,0.17291,-0.46687,0.74256,-0.48097,-0.36182
0,0.7,0.1256,0.23158,0.17856,0.17016,0.1598,-0.46421,0.84798,-0.52845,-0.37067
0,0.7,0.1884,0.24856,0.18256,0.15612,0.14405,-0.10885,0.44982,-0.44271,-0.3852
0,0.7,0.2512,0.26735,0.18226,0.14303,0.12567,0.39021,0.21114,-0.33641,-0.41085
0,0.7,0.314,0.28636,0.17692,0.13236,0.10502,0.58389,0.21791,-0.25668,-0.45213
0,0.7,0.3768,0.3027,0.16764,0.12523,0.082663,0.51493,0.32646,-0.22119,-0.50961
0,0.7,0.4396,0.31575,0.15836,0.12126,0.058081,0.36634,0.46714,-0.2404,-0.57644
0,0.7,0.5024,0.33407,0.15145,0.12027,0.027907,0.21971,0.61801,-0.32473,-0.63832
0,0.7,0.5652,0.37216,0.14237,0.12645,-0.01128,0.096571,0.77164,-0.48034,-0.67934
0,0.7,0.628,0.43127,0.12706,0.14484,-0.055009,-0.0013561,0.92061,-0.68839,-0.68917
0,0.7,0.6908,0.49188,0.11181,0.17206,-0.090544,-0.077539,1.026,-0.86632,-0.66545
0,0.7,0.7536,0.53197,0.10686,0.19757,-0.10811,-0.13625,0.87817,-0.8659,-0.61128
0,0.7,0.8164,0.54498,0.11555,0.21363,-0.10812,-0.18135,0.41964,-0.63941,-0.53182
0,0.7,0.8792,0.53737,0.13434,0.2192,-0.096902,-0.216,0.32414,-0.40175,-0.43238
0,0.7,0.942,0.51832,0.15827,0.21677,-0.080493,-0.24269,0.4219,-0.34814,-0.31796
0,0.7,1.0048,0.49456,0.18382,0.20919,-0.062567,-0.26336,0.54233,-0.4374,-0.19335
0,0.7,1.0676,0.46986,0.20917,0.19848,-0.04486,-0.27948,0.65799,-0.56354,-0.063249
0,0.7,1.1304,0.44607,0.23359,0.18585,-0.028023,-0.29214,0.7653,-0.6709,0.067784
0,0.7,1.1932,0.42396,0.25694,0.17189,-0.012197,-0.30219,0.86376,-0.74596,0.19556
0,0.7,1.256,0.40379,0.27934,0.15687,0.002682,-0.31024,0.9534,-0.79182,0.31654
0,0.7,1.3188,0.38556,0.301,0.14084,0.016742,-0.31677,1.0344,-0.81534,0.4281
0,0.7,1.3816,0.3692,0.32221,0.12374,0.030112,-0.32212,1.1072,-0.82285,0.5286
0,0.7,1.4444,0.35462,0.34323,0.1054,0.042898,-0.32656,1.1722,-0.81925,0.61735
0,0.7,1.5072,0.34171,0.36435,0.085618,0.055177,-0.33031,1.2298,-0.80816,0.69446
0,0.7,1.57,0.3304,0.38586,0.064101,0.066994,-0.33354,1.2807,-0.79217,0.76058
0,0.7,1.6328,0.32066,0.40804,0.04052,0.078359,-0.33639,1.3254,-0.7732,0.81677
0,0.7,1.6956,0.31247,0.43112,0.014501,0.089243,-0.33898,1.3644,-0.75261,0.86422
0,0.7,1.7584,0.3059,0.45524,-0.014326,0.099556,-0.34141,1.3982,-0.7314,0.90416
0,0.7,1.8212,0.3011,0.48027,-0.046222,0.1091,-0.34374,1.4275,-0.71026,0.93777
0,0.7,1.884,0.29832,0.50558,-0.081094,0.1175,-0.34603,1.4526,-0.68971,0.96613
0,0.7,1.9468,0.29799,0.52945,-0.11798,0.12398,-0.34832,1.474,-0.67007,0.99016
0,0.7,2.0096,0.30069,0.5482,-0.15407,0.1271,-0.35063,1.4921,-0.65155,1.0107
0,0.7,2.0724,0.30712,0.5548,-0.183,0.12429,-0.35296,1.5072,-0.63429,1.0283
0,0.7,2.1352,0.31765,0.53791,-0.19304,0.11149,-0.35531,1.5198,-0.61833,1.0436
0,0.7,2.198,0.33131,0.48388,-0.16772,0.084105,-0.35769,1.5301,-0.60369,1.0571
0,0.7,2.2608,0.34404,0.38616,-0.094469,0.041129,-0.36008,1.5384,-0.59033,1.0691
0,0.7,2.3236,0.34781,0.25921,0.018611,-0.0077302,-0.36247,1.5449,-0.57821,1.0799
0,0.7,2.3864,0.33269,0.13925,0.13646,-0.039147,-0.36486,1.5498,-0.56726,1.0898
0,0.7,2.4492,0.29254,0.06315,0.21727,-0.0262,-0.36723,1.5533,-0.5574,1.0989
0,0.7,2.512,0.23378,0.04597,0.24152,0.038588,-0.36958,1.5556,-0.54855,1.1074
0,0.7,2.5748,0.17815,0.073776,0.22321,0.12608,-0.37191,1.5569,-0.54063,1.1154
0,0.7,2.6376,0.14596,0.11846,0.19144,0.1939,-0.3742,1.5572,-0.53356,1.1231
0,0.7,2.7004,0.14031,0.16093,0.16406,0.22424,-0.37645,1.5567,-0.52726,1.1305
0,0.7,2.7632,0.15307,0.19545,0.14464,0.22419,-0.37866,1.5554,-0.52165,1.1377
0,0.7,2.826,0.17431,0.22137,0.132,0.2087,-0.38082,1.5535,-0.51667,1.1448
0,0.7,2.8888,0.19566,0.23872,0.12499,0.19109,-0.38294,1.551,-0.51226,1.1519
0,0.7,2.9516,0.21173,0.2484,0.12255,0.17878,-0.385,1.548,-0.50834,1.1588
0,0.7,3.0144,0.22079,0.25244,0.12326,0.17308,-0.38701,1.5446,-0.50488,1.1658
0,0.7,3.0772,0.22345,0.25294,0.12576,0.1722,-0.38897,1.5408,-0.50182,1.1728
0,0.7,3.14,0.22108,0.25134,0.12892,0.17405,-0.39087,1.5366,-0.49911,1.1799
0,0.8,-3.14,0.20625,0.24889,0.12843,0.1821,0.091766,-0.44612,-0.35782,-1.3036
0,0.8,-3.0772,0.20133,0.24687,0.12949,0.18442,0.091073,-0.41995,-0.35778,-1.3026
0,0.8,-3.0144,0.19328,0.24425,0.12869,0.18827,0.090299,-0.39342,-0.35774,-1.3015
0,0.8,-2.9516,0.18255,0.24194,0.1246,0.19358,0.089434,-0.36656,-0.35769,-1.3004
0,0.8,-2.8888,0.16905,0.24098,0.11605,0.20034,0.088464,-0.33941,-0.35763,-1.2991
0,0.8,-2.826,0.15173,0.24137,0.10395,0.20818,0.087373,-0.31201,-0.35757,-1.2977
0,0.8,-2.7632,0.12722,0.23771,0.095295,0.21797,0.086141,-0.28437,-0.3575,-1.2961
0,0.8,-2.7004,0.087504,0.21369,0.10604,0.24002,0.084743,-0.25653,-0.35741,-1.2944
0,0.8,-2.6376,0.024686,0.15327,0.14899,0.30232,0.083146,-0.22852,-0.35732,-1.2926
0,0.8,-2.5748,-0.047491,0.08275,0.2017,0.42064,0.081313,-0.20038,-0.35721,-1.2906
0,0.8,-2.512,-0.095068,0.059913,0.21862,0.5447,0.079193,-0.17212,-0.35709,-1.2883
0,0.8,-2.4492,-0.11137,0.082162,0.20263,0.61774,0.076722,-0.14378,-0.35695,-1.2858
0,0.8,-2.3864,-0.10997,0.1106,0.18575,0.63901,0.073819,-0.11538,-0.35679,-1.283
0,0.8,-2.3236,-0.098057,0.12845,0.1818,0.62735,0.070379,-0.086948,-0.35661,-1.2797
0,0.8,-2.2608,-0.079085,0.13599,0.18919,0.59818,0.066273,-0.058501,-0.35641,-1.276
0,0.8,-2.198,-0.056639,0.13675,0.20289,0.56201,0.061336,-0.030058,-0.35617,-1.2716
0,0.8,-2.1352,-0.033802,0.13329,0.2192,0.5251,0.055372,-0.0016359,-0.3559,-1.2663
0,0.8,-2.0724,-0.012473,0.12701,0.2362,0.4906,0.048148,0.026754,-0.3556,-1.2597
0,0.8,-2.0096,0.0064992,0.11868,0.2531,0.45966,0.039404,0.055105,-0.35525,-1.2515
0,0.8,-1.9468,0.022907,0.10871,0.26967,0.43244,0.028874,0.083412,-0.35485,-1.2408
0,0.8,-1.884,0.036871,0.09738,0.28594,0.40865,0.016321,0.11168,-0.3544,-1.2266
0,0.8,-1.8212,0.048642,0.084848,0.30205,0.38783,0.0015797,0.13991,-0.3539,-1.2074
0,0.8,-1.7584,0.058512,0.071217,0.31816,0.36952,-0.01538,0.16812,-0.35335,-1.1811
0,0.8,-1.6956,0.066757,0.056539,0.33443,0.35328,-0.034418,0.19633,-0.35277,-1.1448
0,0.8,-1.6328,0.073631,0.040829,0.35101,0.33872,-0.055214,0.22458,-0.35218,-1.0945
0,0.8,-1.57,0.079351,0.024066,0.36808,0.32549,-0.077325,0.25289,-0.35165,-1.0256
0,0.8,-1.5072,0.084106,0.0062028,0.38576,0.31329,-0.1003,0.28133,-0.35128,-0.93286
0,0.8,-1.4444,0.088065,-0.012839,0.40422,0.30182,-0.12379,0.30996,-0.35126,-0.812
0,0.8,-1.3816,0.091386,-0.033164,0.4236,0.29079,-0.1477,0.33885,-0.35192,-0.66221
0,0.8,-1.3188,0.09425,-0.054901,0.44404,0.27985,-0.1722,0.36809,-0.3538,-0.48972
0,0.8,-1.256,0.096902,-0.078208,0.46563,0.26859,-0.19779,0.39779,-0.35774,-0.31157
0,0.8,-1.1932,0.09974,-0.10327,0.48843,0.25643,-0.22518,0.42809,-0.36504,-0.15665
0,0.8,-1.1304,0.10345,-0.13032,0.51237,0.24255,-0.2553,0.45911,-0.3775,-0.061713
0,0.8,-1.0676,0.10925,-0.15964,0.53719,0.22577,-0.28921,0.49098,-0.39729,-0.060683
0,0.8,-1.0048,0.11916,-0.19167,0.56243,0.20453,-0.32799,0.52356,-0.42604,-0.16665
0,0.8,-0.942,0.13613,-0.22706,0.58756,0.17703,-0.37263,0.55528,-0.46223,-0.34235
0,0.8,-0.8792,0.16356,-0.26681,0.61246,0.14203,-0.42384,0.57676,-0.49577,-0.45797
0,0.8,-0.8164,0.20329,-0.31198,0.63813,0.10039,-0.48171,0.5482,-0.50274,-0.29863
0,0.8,-0.7536,0.25258,-0.36239,0.66647,0.056568,-0.54523,0.42294,-0.45729,0.18562
0,0.8,-0.6908,0.3021,-0.41305,0.69662,0.018718,-0.61159,0.33147,-0.37136,0.62295
0,0.8,-0.628,0.33689,-0.44732,0.71662,-0.0028077,-0.67535,0.33183,-0.28936,0.71236
0,0.8,-0.5652,0.34069,-0.42993,0.69447,0.0017568,-0.72767,0.35579,-0.21931,0.55344
0,0.8,-0.5024,0.30793,-0.32305,0.59287,0.033622,-0.75609,0.3558,-0.13545,0.32531
0,0.8,-0.4396,0.25873,-0.15151,0.43426,0.076764,-0.74613,0.26638,-0.024873,0.11829
0,0.8,-0.3768,0.21915,-0.01147,0.31274,0.11511,-0.68587,-0.019971,0.10119,-0.042715
0,0.8,-0.314,0.19256,0.054075,0.26805,0.14855,-0.57407,-0.44863,0.22625,-0.15909
0,0.8,-0.2512,0.17758,0.08136,0.2573,0.17412,-0.42897,-0.52569,0.3498,-0.23946
0,0.8,-0.1884,0.1747,0.10152,0.24666,0.18719,-0.29066,-0.3781,0.46755,-0.29286
0,0.8,-0.1256,0.18017,0.1203,0.2323,0.18993,-0.2098,-0.29734,0.50056,-0.3269
0,0.8,-0.0628,0.18977,0.13664,0.21722,0.18644,-0.22436,-0.13687,0.28642,-0.34764
0,0.8,-4.4409e-16,0.20134,0.14995,0.20269,0.17918,-0.33423,0.22071,-0.15417,-0.36004
0,0.8,0.0628,0.21426,0.16019,0.18869,0.16914,-0.47422,0.72681,-0.46997,-0.36852
0,0.8,0.1256,0.22857,0.16726,0.17509,0.15659,-0.47376,0.83378,-0.52019,-0.37758
0,0.8,0.1884,0.24427,0.1708,0.16213,0.14161,-0.12196,0.44352,-0.43643,-0.39223
0,0.8,0.2512,0.26077,0.17023,0.15059,0.12432,0.37786,0.20902,-0.33157,-0.41789
0,0.8,0.314,0.27654,0.16559,0.14145,0.10495,0.57419,0.21718,-0.25287,-0.45905
0,0.8,0.3768,0.2899,0.15866,0.13515,0.083508,0.50586,0.32609,-0.21798,-0.5162
0,0.8,0.4396,0.30275,0.15254,0.13131,0.058635,0.35661,0.46681,-0.23723,-0.5824
0,0.8,0.5024,0.32431,0.14754,0.13086,0.027141,0.20895,0.61762,-0.32099,-0.6433
0,0.8,0.5652,0.36501,0.13935,0.13797,-0.012355,0.084757,0.77119,-0.47568,-0.68301
0,0.8,0.628,0.42219,0.12623,0.15574,-0.053891,-0.01412,0.92033,-0.68377,-0.69133
0,0.8,0.6908,0.47782,0.11451,0.18007,-0.086031,-0.091128,1.0281,-0.86541,-0.66602
0,0.8,0.7536,0.51419,0.11224,0.20214,-0.10125,-0.15054,0.89121,-0.87326,-0.61031
0,0.8,0.8164,0.52658,0.12165,0.21589,-0.10059,-0.19623,0.43061,-0.65245,-0.52946
0,0.8,0.8792,0.52055,0.13978,0.22053,-0.089722,-0.23137,0.32474,-0.41148,-0.4289
0,0.8,0.942,0.50389,0.16255,0.21804,-0.073973,-0.25847,0.42023,-0.35197,-0.31371
0,0.8,1.0048,0.48251,0.18697,0.21077,-0.056677,-0.27947,0.54008,-0.43832,-0.18877
0,0.8,1.0676,0.45989,0.21143,0.20046,-0.039477,-0.29585,0.65536,-0.56382,-0.058794
0,0.8,1.1304,0.4378,0.23522,0.18818,-0.023032,-0.30872,0.7623,-0.67117,0.071679
0,0.8,1.1932,0.41707,0.25814,0.1745,-0.0075134,-0.31892,0.86041,-0.74611,0.19853
0,0.8,1.256,0.39801,0.28026,0.15969,0.0071126,-0.32707,0.9497,-0.79165,0.31833
0,0.8,1.3188,0.38071,0.30174,0.14384,0.02095,-0.33366,1.0304,-0.81474,0.42857
0,0.8,1.3816,0.36513,0.3228,0.12689,0.034112,-0.33903,1.1029,-0.8218,0.52771
0,0.8,1.4444,0.3512,0.3437,0.10871,0.046689,-0.34345,1.1675,-0.8178,0.61516
0,0.8,1.5072,0.33886,0.36468,0.089107,0.058747,-0.34714,1.2249,-0.80639,0.69108
0,0.8,1.57,0.32806,0.38602,0.067832,0.070318,-0.35028,1.2755,-0.79019,0.75617
0,0.8,1.6328,0.31876,0.40798,0.044576,0.0814,-0.35301,1.32,-0.77108,0.81149
0,0.8,1.6956,0.31099,0.43076,0.018997,0.091947,-0.35544,1.3588,-0.75044,0.85822
0,0.8,1.7584,0.30481,0.45449,-0.0092419,0.10185,-0.35767,1.3924,-0.72923,0.89761
0,0.8,1.8212,0.30037,0.47904,-0.040374,0.11089,-0.35977,1.4215,-0.70814,0.9308
0,0.8,1.884,0.29795,0.50384,-0.074315,0.11865,-0.36181,1.4464,-0.68767,0.95884
0,0.8,1.9468,0.29798,0.52732,-0.11022,0.12438,-0.36381,1.4677,-0.66814,0.98264
0,0.8,2.0096,0.30102,0.54621,-0.14563,0.12667,-0.3658,1.4857,-0.64975,1.003
0,0.8,2.0724,0.30777,0.55433,-0.1751,0.12312,-0.36779,1.5007,-0.63262,1.0205
0,0.8,2.1352,0.31856,0.54156,-0.18851,0.11007,-0.36978,1.5132,-0.61679,1.0358
0,0.8,2.198,0.33241,0.49503,-0.17109,0.083441,-0.37176,1.5235,-0.60228,1.0492
0,0.8,2.2608,0.34522,0.40621,-0.10951,0.042332,-0.37373,1.5317,-0.58905,1.0612
0,0.8,2.3236,0.34856,0.28387,-0.0062309,-0.0041911,-0.37568,1.5381,-0.57705,1.072
0,0.8,2.3864,0.33194,0.16,0.11014,-0.033537,-0.37761,1.543,-0.56622,1.0818
0,0.8,2.4492,0.28979,0.074178,0.19796,-0.019608,-0.3795,1.5465,-0.55646,1.0909
0,0.8,2.512,0.23003,0.046984,0.2326,0.04381,-0.38135,1.5488,-0.54771,1.0993
0,0.8,2.5748,0.17373,0.067838,0.22275,0.12931,-0.38316,1.55,-0.53988,1.1073
0,0.8,2.6376,0.1393,0.10942,0.19512,0.1982,-0.38492,1.5503,-0.53289,1.1149
0,0.8,2.7004,0.13001,0.1512,0.16885,0.23259,-0.38664,1.5497,-0.52666,1.1222
0,0.8,2.7632,0.13885,0.18575,0.14964,0.23713,-0.3883,1.5485,-0.52112,1.1293
0,0.8,2.826,0.15686,0.21206,0.137,0.22477,-0.3899,1.5465,-0.5162,1.1363
0,0.8,2.8888,0.1765,0.23047,0.12957,0.20771,-0.39146,1.5441,-0.51184,1.1431
0,0.8,2.9516,0.1926,0.24181,0.12616,0.19367,-0.39295,1.5411,-0.50797,1.1499
0,0.8,3.0144,0.20285,0.24758,0.1256,0.18529,-0.3944,1.5377,-0.50455,1.1566
0,0.8,3.0772,0.20716,0.24949,0.1267,0.18195,-0.39579,1.5339,-0.50153,1.1634
0,0.8,3.14,0.2064,0.24896,0.12835,0.18203,-0.39712,1.5297,-0.49886,1.1702
0,0.9,-3.14,0.18731,0.24351,0.12845,0.19638,0.088251,-0.44877,-0.35781,-1.3026
0,0.9,-3.0772,0.18337,0.24242,0.12785,0.19801,0.087171,-0.42241,-0.35778,-1.3014
0,0.9,-3.0144,0.17578,0.24058,0.12537,0.20207,0.085973,-0.39571,-0.35773,-1.3001
0,0.9,-2.9516,0.16472,0.23878,0.11994,0.20842,0.084641,-0.36869,-0.35768,-1.2987
0,0.9,-2.8888,0.14975,0.23744,0.11124,0.21707,0.083157,-0.3414,-0.35763,-1.2972
0,0.9,-2.826,0.12921,0.2349,0.10165,0.22841,0.081499,-0.31385,-0.35756,-1.2955
0,0.9,-2.7632,0.099062,0.22381,0.099086,0.2458,0.079639,-0.28608,-0.35749,-1.2937
0,0.9,-2.7004,0.052923,0.18989,0.11679,0.28151,0.077546,-0.25813,-0.3574,-1.2917
0,0.9,-2.6376,-0.0099322,0.12764,0.1598,0.35619,0.075176,-0.23002,-0.35731,-1.2895
0,0.9,-2.5748,-0.069731,0.069903,0.20277,0.46753,0.072477,-0.20178,-0.3572,-1.2871
0,0.9,-2.512,-0.10174,0.058597,0.21294,0.56722,0.069383,-0.17345,-0.35708,-1.2844
0,0.9,-2.4492,-0.10815,0.081855,0.19931,0.61964,0.065808,-0.14504,-0.35694,-1.2815
0,0.9,-2.3864,-0.10117,0.10832,0.18697,0.63002,0.061644,-0.11659,-0.35678,-1.2782
0,0.9,-2.3236,-0.086462,0.12558,0.18554,0.61428,0.056756,-0.088106,-0.35659,-1.2744
0,0.9,-2.2608,-0.066955,0.13374,0.19336,0.58501,0.050978,-0.059624,-0.35638,-1.2702
0,0.9,-2.198,-0.045432,0.13549,0.20645,0.5506,0.044108,-0.031158,-0.35614,-1.2652
0,0.9,-2.1352,-0.024163,0.13293,0.22184,0.51603,0.035919,-0.0027211,-0.35587,-1.2594
0,0.9,-2.0724,-0.0045157,0.12736,0.23795,0.48377,0.026163,0.025673,-0.35556,-1.2522
0,0.9,-2.0096,0.012908,0.11955,0.25409,0.45472,0.014601,0.054018,-0.3552,-1.2433
0,0.9,-1.9468,0.027985,0.10999,0.27003,0.42902,0.0010459,0.082311,-0.3548,-1.2319
0,0.9,-1.884,0.040839,0.098989,0.28577,0.4064,-0.014588,0.11055,-0.35434,-1.2168
0,0.9,-1.8212,0.051697,0.08674,0.30142,0.38649,-0.032226,0.13875,-0.35383,-1.1965
0,0.9,-1.7584,0.060816,0.073374,0.31711,0.36886,-0.051609,0.16693,-0.35328,-1.1688
0,0.9,-1.6956,0.068444,0.058961,0.33296,0.35314,-0.072302,0.19509,-0.35269,-1.1306
0,0.9,-1.6328,0.074808,0.043531,0.34914,0.33896,-0.093774,0.22329,-0.3521,-1.0779
0,0.9,-1.57,0.080103,0.027078,0.36576,0.32603,-0.11552,0.25155,-0.35157,-1.0058
0,0.9,-1.5072,0.084503,0.0095643,0.38296,0.31405,-0.13719,0.27993,-0.35122,-0.90906
0,0.9,-1.4444,0.088159,-0.0090725,0.40088,0.30277,-0.15868,0.30849,-0.35126,-0.78359
0,0.9,-1.3816,0.091218,-0.02892,0.41964,0.29191,-0.18016,0.33731,-0.35203,-0.62918
0,0.9,-1.3188,0.093843,-0.050086,0.43934,0.28117,-0.20207,0.36648,-0.3541,-0.45317
0,0.9,-1.256,0.096258,-0.072701,0.46009,0.27016,-0.22507,0.39612,-0.35837,-0.27401
0,0.9,-1.1932,0.098813,-0.096914,0.48189,0.25838,-0.24999,0.42634,-0.3662,-0.12186
0,0.9,-1.1304,0.10212,-0.1229,0.50469,0.2451,-0.2778,0.4573,-0.37948,-0.033865
0,0.9,-1.0676,0.10722,-0.15089,0.52824,0.2293,-0.30952,0.48908,-0.40041,-0.043004
0,0.9,-1.0048,0.11583,-0.1812,0.55214,0.20961,-0.34622,0.52149,-0.43053,-0.15993
0,0.9,-0.942,0.13048,-0.21432,0.57592,0.1845,-0.38883,0.55249,-0.46782,-0.34331
0,0.9,-0.8792,0.15404,-0.251,0.59942,0.15286,-0.43805,0.57043,-0.50103,-0.45801
0,0.9,-0.8164,0.18825,-0.292,0.62336,0.11525,-0.49396,0.52956,-0.50499,-0.28775
0,0.9,-0.7536,0.23122,-0.33708,0.64909,0.075247,-0.55559,0.39738,-0.4555,0.20441
0,0.9,-0.6908,0.27566,-0.38222,0.67601,0.039578,-0.62023,0.32055,-0.36939,0.63548
0,0.9,-0.628,0.30968,-0.41468,0.69526,0.016723,-0.68263,0.3284,-0.29052,0.71611
0,0.9,-0.5652,0.32027,-0.40778,0.68273,0.014423,-0.73414,0.35432,-0.22228,0.55331
0,0.9,-0.5024,0.30118,-0.32868,0.60556,0.034694,-0.76257,0.3551,-0.13872,0.32391
0,0.9,-0.4396,0.26359,-0.18182,0.46605,0.067921,-0.75361,0.26625,-0.029424,0.11596
0,0.9,-0.3768,0.22843,-0.03917,0.33553,0.10114,-0.69527,-0.018711,0.093283,-0.046129
0,0.9,-0.314,0.20304,0.040334,0.27255,0.13189,-0.58588,-0.43989,0.21503,-0.16361
0,0.9,-0.2512,0.1866,0.073161,0.25566,0.15804,-0.44289,-0.50712,0.33922,-0.24493
0,0.9,-0.1884,0.18011,0.092401,0.2472,0.17436,-0.3056,-0.36408,0.46278,-0.29908
0,0.9,-0.1256,0.18212,0.10951,0.23565,0.18047,-0.22432,-0.28729,0.50407,-0.33367
0,0.9,-0.0628,0.18942,0.12495,0.22201,0.17934,-0.23745,-0.13142,0.2973,-0.35482
0,0.9,-4.4409e-16,0.1996,0.13783,0.20809,0.17355,-0.34582,0.21691,-0.14063,-0.36752
0,0.9,0.0628,0.21152,0.14776,0.19458,0.16451,-0.48553,0.71257,-0.45861,-0.37622
0,0.9,0.1256,0.22471,0.15448,0.18175,0.15283,-0.48738,0.82051,-0.5117,-0.38542
0,0.9,0.1884,0.23875,0.15772,0.16997,0.1388,-0.13928,0.4378,-0.43004,-0.40013
0,0.9,0.2512,0.25284,0.15736,0.15982,0.12256,0.36113,0.20732,-0.32669,-0.42579
0,0.9,0.314,0.26582,0.15409,0.15181,0.10416,0.56003,0.21673,-0.24907,-0.46683
0,0.9,0.3768,0.27749,0.14988,0.14598,0.083045,0.49228,0.3259,-0.21483,-0.52369
0,0.9,0.4396,0.29157,0.14664,0.14235,0.057424,0.34233,0.4666,-0.23418,-0.5893
0,0.9,0.5024,0.3166,0.14324,0.14262,0.024872,0.19363,0.61731,-0.3174,-0.64925
0,0.9,0.5652,0.35896,0.13626,0.15043,-0.014044,0.06841,0.77078,-0.47118,-0.6877
0,0.9,0.628,0.41322,0.12575,0.16715,-0.052558,-0.031363,0.92006,-0.67926,-0.69452
0,0.9,0.6908,0.46349,0.11758,0.18844,-0.080879,-0.10911,1.03,-0.86441,-0.66762
0,0.9,0.7536,0.49599,0.11782,0.20711,-0.093559,-0.16912,0.90392,-0.88039,-0.6103
0,0.9,0.8164,0.50755,0.12791,0.21856,-0.092117,-0.21527,0.44198,-0.66545,-0.52794
0,0.9,0.8792,0.50289,0.14541,0.22217,-0.081536,-0.25074,0.32548,-0.42133,-0.42606
0,0.9,0.942,0.48852,0.16704,0.21951,-0.066449,-0.27806,0.41859,-0.35583,-0.30988
0,0.9,1.0048,0.4695,0.19033,0.21246,-0.049822,-0.29919,0.53785,-0.43914,-0.18436
0,0.9,1.0676,0.44899,0.21385,0.20248,-0.033184,-0.31562,0.65274,-0.56394,-0.054263
0,0.9,1.1304,0.42868,0.23694,0.19053,-0.017188,-0.32846,0.75932,-0.67127,0.075855
0,0.9,1.1932,0.40941,0.25936,0.17713,-0.0020296,-0.33858,0.85708,-0.74611,0.20193
0,0.9,1.256,0.39156,0.28112,0.16256,0.012295,-0.34659,0.94603,-0.79136,0.32063
0,0.9,1.3188,0.37526,0.30233,0.14689,0.025865,-0.35298,1.0264,-0.81404,0.42957
0,0.9,1.3816,0.36052,0.32319,0.13012,0.038775,-0.35811,1.0985,-0.82067,0.52733
0,0.9,1.4444,0.34732,0.3439,0.11213,0.0511,-0.36225,1.1629,-0.8163,0.61341
0,0.9,1.5072,0.33561,0.36469,0.092756,0.062894,-0.36563,1.22,-0.80459,0.68807
0,0.9,1.57,0.32535,0.38581,0.071765,0.074176,-0.36841,1.2704,-0.78818,0.75204
0,0.9,1.6328,0.31655,0.40748,0.04888,0.08493,-0.37075,1.3146,-0.76895,0.80641
0,0.9,1.6956,0.30922,0.42991,0.023789,0.095096,-0.37277,1.3532,-0.74826,0.85237
0,0.9,1.7584,0.30344,0.4532,-0.003815,0.10455,-0.37457,1.3867,-0.72706,0.89113
0,0.9,1.8212,0.29939,0.47724,-0.034147,0.11304,-0.37621,1.4156,-0.70603,0.92385
0,0.9,1.884,0.29733,0.50151,-0.067144,0.12016,-0.37777,1.4403,-0.68565,0.95154
0,0.9,1.9468,0.29769,0.52462,-0.10209,0.12513,-0.37928,1.4615,-0.66623,0.9751
0,0.9,2.0096,0.30105,0.54373,-0.13692,0.12664,-0.38076,1.4793,-0.64796,0.99528
0,0.9,2.0724,0.30804,0.55347,-0.16707,0.12245,-0.38223,1.4943,-0.63096,1.0127
0,0.9,2.1352,0.319,0.54497,-0.18403,0.1093,-0.38368,1.5067,-0.61527,1.0279
0,0.9,2.198,0.333,0.50634,-0.17483,0.08357,-0.38512,1.5169,-0.60089,1.0414
0,0.9,2.2608,0.346,0.42757,-0.12594,0.044445,-0.38654,1.525,-0.58778,1.0533
0,0.9,2.3236,0.34944,0.31195,-0.034725,0.00020903,-0.38795,1.5314,-0.57591,1.0641
0,0.9,2.3864,0.33217,0.1859,0.077716,-0.027574,-0.38932,1.5362,-0.56518,1.0739
0,0.9,2.4492,0.28864,0.090049,0.17182,-0.013424,-0.39066,1.5397,-0.55553,1.083
0,0.9,2.512,0.22772,0.051099,0.21795,0.048406,-0.39196,1.5419,-0.54688,1.0915
