0,0,-3.14,0.23277,0.22611,0.16749,0.18176,-0.24268,-0.066986,-0.10059,0.19272
0,0,-3.0772,0.2174,0.2175,0.1788,0.19198,-0.24266,-0.066986,-0.10059,0.19196
0,0,-3.0144,0.20187,0.20792,0.1871,0.20143,-0.24263,-0.066986,-0.10059,0.19109
0,0,-2.9516,0.18723,0.19829,0.19053,0.21015,-0.24261,-0.066985,-0.10059,0.1901
0,0,-2.8888,0.17361,0.19014,0.18653,0.21935,-0.24258,-0.066983,-0.10059,0.18898
0,0,-2.826,0.15948,0.18663,0.17042,0.23245,-0.24254,-0.066981,-0.10059,0.18771
0,0,-2.7632,0.14356,0.19855,0.13151,0.25229,-0.24251,-0.066976,-0.10059,0.18628
0,0,-2.7004,0.13558,0.2513,0.062103,0.25527,-0.24246,-0.06697,-0.10059,0.18466
0,0,-2.6376,0.14739,0.32379,0.029399,0.1803,-0.24241,-0.066961,-0.10059,0.18284
0,0,-2.5748,0.10822,0.29756,0.13359,0.13555,-0.24236,-0.066949,-0.10059,0.18079
0,0,-2.512,-0.029079,0.20463,0.26407,0.32708,-0.2423,-0.066933,-0.10059,0.1785
0,0,-2.4492,-0.13747,0.18637,0.26271,0.56807,-0.24223,-0.066911,-0.10059,0.17593
0,0,-2.3864,-0.17787,0.20401,0.20884,0.67731,-0.24216,-0.066883,-0.10059,0.17306
0,0,-2.3236,-0.18181,0.20554,0.17756,0.69461,-0.24208,-0.066847,-0.10059,0.16986
0,0,-2.2608,-0.16209,0.19229,0.17445,0.66529,-0.24198,-0.0668,-0.10059,0.1663
0,0,-2.198,-0.12919,0.17488,0.18729,0.61666,-0.24188,-0.066741,-0.10059,0.16235
0,0,-2.1352,-0.092894,0.15823,0.20629,0.56487,-0.24177,-0.066667,-0.10059,0.15799
0,0,-2.0724,-0.05886,0.14305,0.2267,0.51729,-0.24165,-0.066574,-0.10059,0.15319
0,0,-2.0096,-0.029195,0.12876,0.24681,0.47608,-0.24152,-0.066458,-0.10059,0.14791
0,0,-1.9468,-0.0041749,0.11469,0.26624,0.44119,-0.24137,-0.066314,-0.1006,0.14215
0,0,-1.884,0.01664,0.10039,0.28509,0.41178,-0.24122,-0.066136,-0.1006,0.13588
0,0,-1.8212,0.033875,0.085542,0.30359,0.38693,-0.24106,-0.06592,-0.1006,0.1291
0,0,-1.7584,0.048138,0.069977,0.32202,0.36575,-0.24089,-0.065657,-0.10061,0.12181
0,0,-1.6956,0.059952,0.05357,0.3406,0.34752,-0.24071,-0.065343,-0.10062,0.11402
0,0,-1.6328,0.069747,0.036222,0.35959,0.33163,-0.24054,-0.06497,-0.10063,0.10577
0,0,-1.57,0.077867,0.017839,0.3792,0.31756,-0.24038,-0.064537,-0.10065,0.097108
0,0,-1.5072,0.084583,-0.0016812,0.39968,0.30488,-0.24023,-0.064047,-0.10067,0.088104
0,0,-1.4444,0.090112,-0.02246,0.42128,0.29315,-0.2401,-0.063513,-0.1007,0.078857
0,0,-1.3816,0.094644,-0.044643,0.44426,0.28194,-0.24002,-0.062971,-0.10075,0.069493
0,0,-1.3188,0.09838,-0.06841,0.4689,0.27074,-0.24,-0.062487,-0.10081,0.060162
0,0,-1.256,0.10161,-0.09398,0.49551,0.25888,-0.24007,-0.062183,-0.10089,0.051038
0,0,-1.1932,0.10485,-0.12163,0.52429,0.24543,-0.24025,-0.062248,-0.101,0.04232
0,0,-1.1304,0.10915,-0.15174,0.55532,0.22896,-0.24059,-0.062942,-0.10113,0.034216
0,0,-1.0676,0.11661,-0.18487,0.5883,0.20727,-0.24113,-0.064533,-0.10126,0.026943
0,0,-1.0048,0.13119,-0.22198,0.62242,0.1772,-0.24191,-0.067133,-0.10134,0.020704
0,0,-0.942,0.15933,-0.26481,0.65656,0.13492,-0.24298,-0.07048,-0.10124,0.015682
0,0,-0.8792,0.20866,-0.31631,0.69076,0.077744,-0.24439,-0.073907,-0.1007,0.012015
0,0,-0.8164,0.28244,-0.38049,0.72938,0.0077874,-0.24617,-0.076659,-0.099259,0.0097903
0,0,-0.7536,0.37245,-0.46059,0.78154,-0.066211,-0.24831,-0.078317,-0.096458,0.0090229
0,0,-0.6908,0.45827,-0.55201,0.85039,-0.13099,-0.25078,-0.078917,-0.092353,0.0096542
0,0,-0.628,0.5053,-0.61545,0.90079,-0.16396,-0.25347,-0.078766,-0.088228,0.011549
0,0,-0.5652,0.45786,-0.5293,0.8144,-0.12094,-0.25621,-0.078239,-0.085978,0.014502
0,0,-0.5024,0.32291,-0.24436,0.54903,-0.00063893,-0.25879,-0.077657,-0.086132,0.018254
0,0,-0.4396,0.21768,-0.016714,0.35557,0.10372,-0.26102,-0.077259,-0.087315,0.022511
0,0,-0.3768,0.16367,0.062047,0.30754,0.17035,-0.26286,-0.077207,-0.087689,0.026964
0,0,-0.314,0.14442,0.093692,0.29008,0.20866,-0.26441,-0.077596,-0.086108,0.03132
0,0,-0.2512,0.15184,0.1243,0.26255,0.2202,-0.2659,-0.078465,-0.082475,0.035318
0,0,-0.1884,0.16759,0.151,0.23766,0.21894,-0.26751,-0.079812,-0.077717,0.038743
0,0,-0.1256,0.18229,0.17176,0.21944,0.21385,-0.26921,-0.081596,-0.073195,0.041442
0,0,-0.0628,0.19498,0.18793,0.20524,0.20699,-0.27078,-0.083752,-0.069823,0.043323
0,0,-4.4409e-16,0.20694,0.20075,0.19236,0.1983,-0.27191,-0.0862,-0.067744,0.044354
0,0,0.0628,0.21968,0.21087,0.17901,0.18734,-0.27235,-0.088852,-0.066652,0.044552
0,0,0.1256,0.23487,0.21869,0.16397,0.17347,-0.27196,-0.09162,-0.066169,0.04398
0,0,0.1884,0.25456,0.22427,0.1465,0.15576,-0.27073,-0.094426,-0.066015,0.042731
0,0,0.2512,0.281,0.2267,0.12678,0.13315,-0.26875,-0.097198,-0.066015,0.040915
0,0,0.314,0.31551,0.22298,0.10699,0.10504,-0.26617,-0.099881,-0.066078,0.038656
0,0,0.3768,0.35516,0.20865,0.09199,0.072663,-0.26317,-0.10243,-0.066158,0.036078
0,0,0.4396,0.38786,0.18444,0.085697,0.041282,-0.25992,-0.10481,-0.066234,0.033301
0,0,0.5024,0.40354,0.16484,0.082465,0.01629,-0.25656,-0.10701,-0.066299,0.030437
0,0,0.5652,0.4296,0.15558,0.079106,-0.012913,-0.25322,-0.109,-0.066351,0.027585
0,0,0.628,0.4956,0.13527,0.095151,-0.057917,-0.24998,-0.11076,-0.066391,0.024833
0,0,0.6908,0.57448,0.10367,0.13618,-0.10303,-0.2469,-0.11228,-0.066422,0.022254
0,0,0.7536,0.62353,0.084982,0.17926,-0.12724,-0.24403,-0.11352,-0.066445,0.019908
0,0,0.8164,0.63088,0.090492,0.20499,-0.12786,-0.24138,-0.11441,-0.066462,0.017844
0,0,0.8792,0.60996,0.11313,0.21207,-0.11432,-0.23896,-0.11482,-0.066475,0.016099
0,0,0.942,0.5768,0.14252,0.20722,-0.095351,-0.23678,-0.11456,-0.066485,0.014697
0,0,1.0048,0.54105,0.17242,0.19642,-0.075519,-0.2348,-0.1133,-0.066498,0.013655
0,0,1.0676,0.50695,0.20041,0.183,-0.056543,-0.23304,-0.11067,-0.066546,0.01299
0,0,1.1304,0.47596,0.22604,0.16847,-0.03887,-0.23146,-0.10636,-0.066821,0.012743
0,0,1.1932,0.4483,0.24961,0.15335,-0.022467,-0.23006,-0.10047,-0.068518,0.013137
0,0,1.256,0.42376,0.27164,0.13771,-0.0071608,-0.22882,-0.093729,-0.077589,0.015231
0,0,1.3188,0.402,0.29266,0.1214,0.0072456,-0.22772,-0.0873,-0.10344,0.02271
0,0,1.3816,0.38273,0.31314,0.10418,0.02093,-0.22674,-0.082124,-0.12446,0.038298
0,0,1.4444,0.36569,0.33351,0.085723,0.03404,-0.22588,-0.078504,-0.13009,0.050801
0,0,1.5072,0.35065,0.35418,0.065679,0.046697,-0.22512,-0.076235,-0.13107,0.055849
0,0,1.57,0.33749,0.37554,0.043618,0.058996,-0.22445,-0.074927,-0.13122,0.058187
0,0,1.6328,0.32611,0.39799,0.019031,0.071016,-0.22386,-0.07423,-0.13125,0.05997
0,0,1.6956,0.31647,0.42191,-0.0086844,0.08282,-0.22334,-0.073892,-0.13125,0.061683
0,0,1.7584,0.30859,0.44762,-0.04021,0.094448,-0.22288,-0.073755,-0.13125,0.063396
0,0,1.8212,0.30261,0.47522,-0.07623,0.10589,-0.22248,-0.073725,-0.13125,0.065095
0,0,1.884,0.29877,0.50426,-0.11716,0.11698,-0.22212,-0.073746,-0.13125,0.066755
0,0,1.9468,0.29751,0.53287,-0.16243,0.12722,-0.22181,-0.073786,-0.13125,0.068352
0,0,2.0096,0.29949,0.55618,-0.20868,0.13521,-0.22154,-0.07382,-0.13125,0.069868
0,0,2.0724,0.30558,0.56336,-0.24616,0.13768,-0.22129,-0.073817,-0.13125,0.071289
0,0,2.1352,0.31649,0.53519,-0.25372,0.12818,-0.22108,-0.073707,-0.13125,0.072607
0,0,2.198,0.33157,0.45074,-0.20141,0.098046,-0.22089,-0.073321,-0.13125,0.073817
0,0,2.2608,0.34766,0.31415,-0.078301,0.044443,-0.22073,-0.072236,-0.13125,0.074918
0,0,2.3236,0.35982,0.17169,0.075186,-0.01968,-0.22058,-0.069481,-0.13125,0.075912
0,0,2.3864,0.36106,0.071897,0.1971,-0.069414,-0.22046,-0.063376,-0.13125,0.076803
0,0,2.4492,0.33629,0.030999,0.25323,-0.07178,-0.22034,-0.052825,-0.13125,0.077598
0,0,2.512,0.27394,0.047295,0.2418,0.0014228,-0.22025,-0.040483,-0.13125,0.078303
0,0,2.5748,0.20859,0.097597,0.19903,0.10695,-0.22016,-0.031205,-0.13125,0.078925
0,0,2.6376,0.18173,0.14711,0.16458,0.17071,-0.22008,-0.026288,-0.13125,0.079471
0,0,2.7004,0.18862,0.18568,0.14255,0.18595,-0.22001,-0.024159,-0.13125,0.07995
0,0,2.7632,0.21202,0.21495,0.12776,0.17528,-0.21995,-0.023322,-0.13125,0.080368
0,0,2.826,0.23719,0.23323,0.12101,0.16011,-0.2199,-0.023009,-0.13125,0.080732
0,0,2.8888,0.25378,0.24066,0.12286,0.15294,-0.21986,-0.022897,-0.13125,0.081048
0,0,2.9516,0.25956,0.24142,0.13055,0.15442,-0.21982,-0.02286,-0.13125,0.081323
0,0,3.0144,0.25644,0.23863,0.14153,0.16126,-0.21978,-0.02285,-0.13125,0.08156
0,0,3.0772,0.24696,0.23352,0.15412,0.17079,-0.21975,-0.02285,-0.13125,0.081766
0,0,3.14,0.23351,0.22651,0.16687,0.18123,-0.21972,-0.022852,-0.13125,0.081943
0,0.1,-3.14,0.2396,0.23256,0.15856,0.17741,-0.24268,-0.066986,-0.10059,0.18812
0,0.1,-3.0772,0.22508,0.22489,0.16891,0.18677,-0.24266,-0.066987,-0.10059,0.18744
0,0.1,-3.0144,0.20991,0.21618,0.17675,0.19541,-0.24264,-0.066988,-0.10059,0.18666
0,0.1,-2.9516,0.19518,0.20724,0.18031,0.20337,-0.24261,-0.066989,-0.10059,0.18576
0,0.1,-2.8888,0.18122,0.19952,0.17697,0.21174,-0.24258,-0.06699,-0.10059,0.18473
0,0.1,-2.826,0.16713,0.19632,0.16203,0.22333,-0.24255,-0.06699,-0.10059,0.18355
0,0.1,-2.7632,0.15261,0.20782,0.12613,0.23911,-0.24251,-0.066989,-0.10059,0.1822
0,0.1,-2.7004,0.14582,0.25378,0.066241,0.23678,-0.24247,-0.066988,-0.10059,0.18067
0,0.1,-2.6376,0.15,0.30768,0.044065,0.17423,-0.24243,-0.066986,-0.10059,0.17894
0,0.1,-2.5748,0.10241,0.26906,0.13838,0.15717,-0.24238,-0.066982,-0.10059,0.17699
0,0.1,-2.512,-0.024404,0.18018,0.24927,0.34499,-0.24232,-0.066976,-0.10059,0.17478
0,0.1,-2.4492,-0.12203,0.1674,0.24754,0.56592,-0.24226,-0.066968,-0.10059,0.1723
0,0.1,-2.3864,-0.16104,0.18918,0.20056,0.66863,-0.24219,-0.066956,-0.10059,0.16952
0,0.1,-2.3236,-0.16724,0.19484,0.17374,0.68652,-0.24211,-0.06694,-0.10059,0.16642
0,0.1,-2.2608,-0.15084,0.18492,0.17279,0.6597,-0.24202,-0.066919,-0.10059,0.16295
0,0.1,-2.198,-0.12106,0.16975,0.18663,0.61349,-0.24193,-0.066891,-0.10059,0.1591
0,0.1,-2.1352,-0.087183,0.15449,0.20612,0.56345,-0.24183,-0.066854,-0.10059,0.15484
0,0.1,-2.0724,-0.054868,0.14017,0.22675,0.51697,-0.24172,-0.066808,-0.10059,0.15013
0,0.1,-2.0096,-0.026405,0.12644,0.24693,0.47645,-0.24161,-0.066748,-0.10059,0.14495
0,0.1,-1.9468,-0.0022341,0.11276,0.26634,0.44197,-0.24148,-0.066673,-0.10059,0.13928
0,0.1,-1.884,0.017963,0.098732,0.28511,0.41281,-0.24135,-0.066579,-0.10059,0.1331
0,0.1,-1.8212,0.034736,0.08411,0.30349,0.3881,-0.24122,-0.066462,-0.10059,0.1264
0,0.1,-1.7584,0.048644,0.06873,0.32175,0.36699,-0.24109,-0.066317,-0.1006,0.11919
0,0.1,-1.6956,0.060181,0.052481,0.34016,0.34878,-0.24097,-0.066141,-0.1006,0.11148
0,0.1,-1.6328,0.069759,0.035269,0.35894,0.33287,-0.24086,-0.065929,-0.1006,0.10329
0,0.1,-1.57,0.077713,0.017001,0.37834,0.31876,-0.24076,-0.065677,-0.10061,0.09468
0,0.1,-1.5072,0.084311,-0.0024265,0.39858,0.30601,-0.2407,-0.065386,-0.10062,0.085715
0,0.1,-1.4444,0.089774,-0.02314,0.41991,0.29418,-0.24068,-0.065059,-0.10064,0.07649
0,0.1,-1.3816,0.094299,-0.045292,0.44258,0.28287,-0.24073,-0.064714,-0.10066,0.067128
0,0.1,-1.3188,0.098099,-0.069072,0.46689,0.27155,-0.24086,-0.064384,-0.10069,0.057777
0,0.1,-1.256,0.10148,-0.094711,0.49308,0.25959,-0.24111,-0.064137,-0.10074,0.04861
0,0.1,-1.1932,0.10499,-0.1225,0.52136,0.24605,-0.2415,-0.064088,-0.1008,0.039825
0,0.1,-1.1304,0.10967,-0.15284,0.55178,0.22954,-0.24206,-0.064424,-0.10088,0.031631
0,0.1,-1.0676,0.11763,-0.1863,0.58403,0.20794,-0.24283,-0.065396,-0.10096,0.024245
0,0.1,-1.0048,0.13269,-0.22386,0.61733,0.17822,-0.24383,-0.067264,-0.10098,0.017877
0,0.1,-0.942,0.16101,-0.2672,0.65066,0.13674,-0.24509,-0.070137,-0.10083,0.012715
0,0.1,-0.8792,0.20975,-0.31916,0.68417,0.081032,-0.24657,-0.073753,-0.10023,0.0089064
0,0.1,-0.8164,0.28187,-0.38356,0.72196,0.013237,-0.24824,-0.077432,-0.098752,0.0065474
0,0.1,-0.7536,0.36945,-0.46321,0.77225,-0.058024,-0.24999,-0.080392,-0.095961,0.0056659
0,0.1,-0.6908,0.45231,-0.55233,0.83672,-0.11914,-0.25166,-0.082174,-0.092013,0.0062148
0,0.1,-0.628,0.49566,-0.60995,0.87942,-0.14712,-0.25307,-0.082776,-0.088152,0.0080704
0,0.1,-0.5652,0.44698,-0.51921,0.78937,-0.10179,-0.25406,-0.082481,-0.085897,0.011038
0,0.1,-0.5024,0.31768,-0.24158,0.53536,0.011875,-0.25463,-0.081652,-0.08552,0.014866
0,0.1,-0.4396,0.21732,-0.019319,0.35039,0.10892,-0.25502,-0.08061,-0.086031,0.019264
0,0.1,-0.3768,0.16521,0.059681,0.30359,0.17217,-0.25561,-0.079611,-0.086213,0.023926
0,0.1,-0.314,0.1468,0.092173,0.2863,0.20877,-0.25682,-0.078841,-0.08516,0.028558
0,0.1,-0.2512,0.1542,0.12303,0.25946,0.21945,-0.25887,-0.078433,-0.082406,0.032894
0,0.1,-0.1884,0.16942,0.14958,0.23538,0.218,-0.26166,-0.078471,-0.078143,0.036715
0,0.1,-0.1256,0.18362,0.17015,0.21774,0.21296,-0.26484,-0.078998,-0.07334,0.039862
0,0.1,-0.0628,0.19594,0.18617,0.20391,0.20621,-0.26796,-0.080018,-0.069218,0.042238
0,0.1,-4.4409e-16,0.20763,0.19887,0.19129,0.19761,-0.27057,-0.081502,-0.066466,0.043804
0,0.1,0.0628,0.22017,0.2089,0.17817,0.18672,-0.27231,-0.083396,-0.065042,0.044577
0,0.1,0.1256,0.23516,0.21665,0.16335,0.17294,-0.27299,-0.085625,-0.064541,0.044616
0,0.1,0.1884,0.25454,0.22217,0.14613,0.15539,-0.27256,-0.088106,-0.064553,0.044012
0,0.1,0.2512,0.2804,0.22455,0.12673,0.1331,-0.27113,-0.090751,-0.064795,0.04288
0,0.1,0.314,0.31387,0.22086,0.10732,0.10558,-0.26887,-0.093477,-0.065104,0.041342
0,0.1,0.3768,0.35194,0.20689,0.092594,0.074051,-0.26598,-0.096211,-0.065404,0.039525
0,0.1,0.4396,0.38319,0.18346,0.086447,0.043205,-0.26269,-0.098888,-0.065662,0.03755
0,0.1,0.5024,0.39854,0.16401,0.084224,0.017354,-0.25919,-0.10146,-0.065871,0.035527
0,0.1,0.5652,0.42339,0.15389,0.082867,-0.0131,-0.25564,-0.10388,-0.066034,0.033555
0,0.1,0.628,0.48689,0.13393,0.099112,-0.058216,-0.25215,-0.10614,-0.066158,0.031716
0,0.1,0.6908,0.56518,0.10357,0.13859,-0.10327,-0.24883,-0.1082,-0.066251,0.030075
0,0.1,0.7536,0.61571,0.085619,0.18044,-0.12778,-0.24571,-0.11005,-0.06632,0.028683
0,0.1,0.8164,0.62507,0.091149,0.20597,-0.12876,-0.24283,-0.11167,-0.066371,0.027572
0,0.1,0.8792,0.60587,0.11353,0.21346,-0.11541,-0.2402,-0.11304,-0.066408,0.02676
0,0.1,0.942,0.57395,0.14274,0.20913,-0.096495,-0.23783,-0.1141,-0.066436,0.026251
0,0.1,1.0048,0.53902,0.17265,0.19872,-0.07663,-0.23569,-0.11476,-0.066457,0.02604
0,0.1,1.0676,0.50549,0.2008,0.18554,-0.05759,-0.23379,-0.11485,-0.06648,0.026125
0,0.1,1.1304,0.47488,0.22669,0.17112,-0.039846,-0.23209,-0.11413,-0.066544,0.02656
0,0.1,1.1932,0.44749,0.25056,0.15603,-0.023375,-0.23059,-0.11223,-0.066892,0.027719
0,0.1,1.256,0.42315,0.2729,0.14035,-0.0080033,-0.22926,-0.10879,-0.069003,0.031338
0,0.1,1.3188,0.40155,0.29421,0.12396,0.0064682,-0.22808,-0.10364,-0.079822,0.042032
0,0.1,1.3816,0.38241,0.31495,0.10665,0.020218,-0.22705,-0.097192,-0.10695,0.058103
0,0.1,1.4444,0.36547,0.33556,0.088113,0.033393,-0.22614,-0.090455,-0.12571,0.067286
0,0.1,1.5072,0.35052,0.35642,0.067999,0.046113,-0.22533,-0.084562,-0.13032,0.07053
0,0.1,1.57,0.33743,0.37792,0.045897,0.05847,-0.22463,-0.080155,-0.1311,0.072027
0,0.1,1.6328,0.32609,0.40046,0.021317,0.070538,-0.22401,-0.077245,-0.13123,0.073123
0,0.1,1.6956,0.31647,0.42438,-0.0063131,0.082371,-0.22347,-0.075496,-0.13125,0.074102
0,0.1,1.7584,0.30859,0.44998,-0.037629,0.093997,-0.22299,-0.07452,-0.13125,0.075012
0,0.1,1.8212,0.30257,0.47731,-0.073233,0.10538,-0.22257,-0.074003,-0.13125,0.075856
0,0.1,1.884,0.29864,0.50581,-0.11341,0.11635,-0.2222,-0.073724,-0.13125,0.07663
0,0.1,1.9468,0.29721,0.5335,-0.15738,0.12633,-0.22187,-0.073502,-0.13125,0.077335
0,0.1,2.0096,0.29892,0.55541,-0.20155,0.13391,-0.22159,-0.073114,-0.13125,0.07797
0,0.1,2.0724,0.3046,0.56084,-0.2361,0.13582,-0.22134,-0.072137,-0.13125,0.078537
0,0.1,2.1352,0.31492,0.53151,-0.24072,0.12585,-0.22112,-0.069661,-0.13125,0.079041
0,0.1,2.198,0.32931,0.44835,-0.18796,0.095894,-0.22093,-0.064053,-0.13125,0.079485
0,0.1,2.2608,0.34476,0.31587,-0.068862,0.0435,-0.22076,-0.053993,-0.13125,0.079875
0,0.1,2.3236,0.35617,0.17692,0.078907,-0.01894,-0.22061,-0.041618,-0.13125,0.080215
0,0.1,2.3864,0.35583,0.077628,0.19738,-0.06662,-0.22048,-0.031861,-0.13125,0.080512
0,0.1,2.4492,0.32926,0.035677,0.25267,-0.066461,-0.22036,-0.026529,-0.13125,0.080769
0,0.1,2.512,0.26811,0.050117,0.24255,0.0064175,-0.22026,-0.024192,-0.13125,0.080993
0,0.1,2.5748,0.20565,0.098283,0.2013,0.10927,-0.22017,-0.023276,-0.13125,0.081186
0,0.1,2.6376,0.17952,0.14717,0.16649,0.17272,-0.22009,-0.02294,-0.13125,0.081352
0,0.1,2.7004,0.18623,0.18618,0.14346,0.18853,-0.22002,-0.022827,-0.13125,0.081497
0,0.1,2.7632,0.20988,0.21627,0.12761,0.17764,-0.21996,-0.022795,-0.13125,0.081621
0,0.1,2.826,0.23611,0.23562,0.11954,0.16134,-0.21991,-0.022793,-0.13125,0.081729
0,0.1,2.8888,0.25428,0.24401,0.11989,0.15279,-0.21986,-0.0228,-0.13125,0.081823
0,0.1,2.9516,0.26177,0.24548,0.12606,0.15307,-0.21982,-0.02281,-0.13125,0.081904
0,0.1,3.0144,0.26036,0.24338,0.13549,0.15886,-0.21978,-0.02282,-0.13125,0.081975
0,0.1,3.0772,0.25245,0.23903,0.14658,0.1674,-0.21975,-0.022829,-0.13125,0.082037
0,0.1,3.14,0.24029,0.23291,0.158,0.17692,-0.21972,-0.022836,-0.13125,0.082091
0,0.2,-3.14,0.24388,0.23818,0.15047,0.17392,-0.24269,-0.066983,-0.10059,0.17768
0,0.2,-3.0772,0.23041,0.2314,0.15976,0.18236,-0.24267,-0.066985,-0.10059,0.17714
0,0.2,-3.0144,0.21584,0.22359,0.16694,0.19015,-0.24264,-0.066986,-0.10059,0.17649
0,0.2,-2.9516,0.20132,0.21549,0.17026,0.19731,-0.24262,-0.066988,-0.10059,0.17573
0,0.2,-2.8888,0.18732,0.20859,0.16703,0.20483,-0.24259,-0.06699,-0.10059,0.17483
0,0.2,-2.826,0.17343,0.20633,0.15261,0.21484,-0.24256,-0.066991,-0.10059,0.17379
0,0.2,-2.7632,0.16011,0.21819,0.11925,0.22646,-0.24252,-0.066992,-0.10059,0.17258
0,0.2,-2.7004,0.15356,0.25767,0.069124,0.21905,-0.24249,-0.066994,-0.10059,0.17119
0,0.2,-2.6376,0.14905,0.2923,0.059171,0.16924,-0.24244,-0.066994,-0.10059,0.1696
0,0.2,-2.5748,0.091946,0.2405,0.14729,0.18024,-0.24239,-0.066994,-0.10059,0.16779
0,0.2,-2.512,-0.026363,0.15617,0.24067,0.36706,-0.24234,-0.066994,-0.10059,0.16573
0,0.2,-2.4492,-0.11277,0.14918,0.2362,0.56841,-0.24228,-0.066992,-0.10059,0.1634
0,0.2,-2.3864,-0.14839,0.1743,0.1944,0.66238,-0.24222,-0.066988,-0.10059,0.16076
0,0.2,-2.3236,-0.1548,0.18351,0.17149,0.67888,-0.24215,-0.066983,-0.10059,0.15781
0,0.2,-2.2608,-0.14022,0.17691,0.1724,0.6534,-0.24207,-0.066975,-0.10059,0.15449
0,0.2,-2.198,-0.11275,0.16424,0.18694,0.60918,-0.24199,-0.066964,-0.10059,0.15079
0,0.2,-2.1352,-0.080978,0.15063,0.20661,0.5609,-0.2419,-0.066949,-0.10059,0.14668
0,0.2,-2.0724,-0.050323,0.13736,0.22724,0.51571,-0.24181,-0.066928,-0.10059,0.14212
0,0.2,-2.0096,-0.023102,0.12431,0.24733,0.47608,-0.24171,-0.0669,-0.10059,0.1371
0,0.2,-1.9468,0.00014462,0.11109,0.2666,0.44219,-0.24161,-0.066864,-0.10059,0.13158
0,0.2,-1.884,0.019648,0.0974,0.28521,0.41343,-0.24151,-0.066818,-0.10059,0.12555
0,0.2,-1.8212,0.035888,0.083034,0.3034,0.38897,-0.24142,-0.066759,-0.10059,0.11901
0,0.2,-1.7584,0.049379,0.067863,0.32147,0.36803,-0.24134,-0.066684,-0.10059,0.11194
0,0.2,-1.6956,0.060585,0.051791,0.33965,0.34991,-0.24127,-0.066592,-0.10059,0.10436
0,0.2,-1.6328,0.069899,0.034736,0.35821,0.33404,-0.24123,-0.066478,-0.1006,0.096309
0,0.2,-1.57,0.077642,0.016609,0.37735,0.31993,-0.24122,-0.06634,-0.1006,0.087819
0,0.2,-1.5072,0.08408,-0.0026928,0.39732,0.30713,-0.24127,-0.066178,-0.10061,0.078963
0,0.2,-1.4444,0.089431,-0.023297,0.41834,0.29526,-0.24137,-0.065992,-0.10062,0.069833
0,0.2,-1.3816,0.093898,-0.04536,0.44068,0.28387,-0.24157,-0.06579,-0.10065,0.060549
0,0.2,-1.3188,0.097701,-0.069074,0.46457,0.27249,-0.24188,-0.065589,-0.10068,0.051258
0,0.2,-1.256,0.10116,-0.094678,0.49028,0.26047,-0.24232,-0.065425,-0.10073,0.04213
0,0.2,-1.1932,0.10481,-0.12247,0.51798,0.24693,-0.24292,-0.065365,-0.10081,0.033363
0,0.2,-1.1304,0.10972,-0.15285,0.54769,0.23051,-0.24371,-0.065526,-0.10093,0.025168
0,0.2,-1.0676,0.11792,-0.18641,0.57911,0.2092,-0.24468,-0.066088,-0.10108,0.017765
0,0.2,-1.0048,0.13307,-0.22407,0.61149,0.18011,-0.24582,-0.067302,-0.10124,0.011367
0,0.2,-0.942,0.16096,-0.26747,0.6439,0.13984,-0.2471,-0.069424,-0.1013,0.0061685
0,0.2,-0.8792,0.20826,-0.31927,0.67652,0.086157,-0.24841,-0.072566,-0.10101,0.0023284
0,0.2,-0.8164,0.27766,-0.38297,0.71311,0.021137,-0.24962,-0.07647,-0.099887,-4.7314e-05
0,0.2,-0.7536,0.36167,-0.46086,0.76088,-0.0468,-0.25056,-0.080454,-0.097447,-0.00091786
0,0.2,-0.6908,0.44067,-0.54623,0.82029,-0.10396,-0.25106,-0.083713,-0.093775,-0.0003169
0,0.2,-0.628,0.48093,-0.59842,0.85648,-0.12793,-0.25111,-0.085752,-0.089983,0.0016449
0,0.2,-0.5652,0.43481,-0.50944,0.76872,-0.083673,-0.25089,-0.08653,-0.087364,0.0047847
0,0.2,-0.5024,0.31459,-0.24498,0.52944,0.020943,-0.25078,-0.086303,-0.086193,0.00886
0,0.2,-0.4396,0.2193,-0.025557,0.34833,0.11089,-0.25123,-0.085408,-0.085826,0.013588
0,0.2,-0.3768,0.16869,0.056477,0.29957,0.171,-0.25253,-0.084155,-0.085443,0.018666
0,0.2,-0.314,0.14983,0.089643,0.2832,0.20686,-0.2547,-0.082791,-0.084359,0.023801
0,0.2,-0.2512,0.15601,0.1202,0.25788,0.21781,-0.25751,-0.081512,-0.082032,0.028723
0,0.2,-0.1884,0.17039,0.14656,0.23451,0.2166,-0.26064,-0.080465,-0.078199,0.033211
0,0.2,-0.1256,0.18417,0.16705,0.2171,0.21168,-0.26374,-0.079767,-0.073208,0.0371
0,0.2,-0.0628,0.19631,0.18302,0.20335,0.20499,-0.26654,-0.079497,-0.068128,0.040285
0,0.2,-4.4409e-16,0.20793,0.19568,0.19079,0.19643,-0.26884,-0.079706,-0.064152,0.042723
0,0.2,0.0628,0.22044,0.20568,0.17773,0.18557,-0.27048,-0.080408,-0.061835,0.044423
0,0.2,0.1256,0.23537,0.21341,0.16304,0.17184,-0.27134,-0.08159,-0.060996,0.045437
0,0.2,0.1884,0.25454,0.21886,0.14608,0.15443,-0.27136,-0.083208,-0.061133,0.04585
0,0.2,0.2512,0.27979,0.22106,0.12719,0.13249,-0.27052,-0.085199,-0.06177,0.045767
0,0.2,0.314,0.31187,0.21719,0.10855,0.10571,-0.26886,-0.087485,-0.062581,0.0453
0,0.2,0.3768,0.34754,0.20348,0.094586,0.075351,-0.26651,-0.089982,-0.063382,0.044564
0,0.2,0.4396,0.37618,0.18131,0.088752,0.045536,-0.26364,-0.092605,-0.064087,0.043665
0,0.2,0.5024,0.39092,0.16297,0.08704,0.019158,-0.26041,-0.095277,-0.064669,0.042696
0,0.2,0.5652,0.416,0.15238,0.087338,-0.012776,-0.257,-0.097928,-0.06513,0.041734
0,0.2,0.628,0.47791,0.13265,0.1041,-0.058207,-0.25356,-0.1005,-0.065486,0.040838
0,0.2,0.6908,0.55481,0.1039,0.14199,-0.10285,-0.2502,-0.10296,-0.065755,0.040052
0,0.2,0.7536,0.60572,0.087226,0.18206,-0.12723,-0.247,-0.10526,-0.065956,0.039399
0,0.2,0.8164,0.61673,0.092957,0.20691,-0.12842,-0.24401,-0.10738,-0.066105,0.038892
0,0.2,0.8792,0.59943,0.11493,0.21459,-0.11534,-0.24126,-0.10931,-0.066215,0.03853
0,0.2,0.942,0.56911,0.1437,0.21077,-0.09659,-0.23875,-0.11102,-0.066295,0.038304
0,0.2,1.0048,0.53538,0.17335,0.20083,-0.076788,-0.2365,-0.1125,-0.066353,0.038204
0,0.2,1.0676,0.50271,0.20147,0.18797,-0.057758,-0.23448,-0.11371,-0.066398,0.038239
0,0.2,1.1304,0.47272,0.22746,0.17373,-0.039999,-0.23268,-0.11457,-0.066439,0.038536
0,0.2,1.1932,0.44579,0.25152,0.15871,-0.023503,-0.23109,-0.11496,-0.066528,0.039773
0,0.2,1.256,0.42179,0.27408,0.14304,-0.0081021,-0.22968,-0.11468,-0.066971,0.044694
0,0.2,1.3188,0.40047,0.29562,0.12662,0.0064005,-0.22844,-0.11341,-0.069594,0.057772
0,0.2,1.3816,0.38155,0.31659,0.10926,0.020182,-0.22735,-0.11078,-0.082366,0.071586
0,0.2,1.4444,0.36479,0.33738,0.090666,0.033388,-0.22639,-0.10647,-0.11027,0.077199
0,0.2,1.5072,0.35001,0.3584,0.070516,0.046135,-0.22555,-0.10058,-0.12675,0.078682
0,0.2,1.57,0.33705,0.38001,0.048412,0.05851,-0.22481,-0.093828,-0.1305,0.079119
0,0.2,1.6328,0.32583,0.40259,0.023885,0.07058,-0.22416,-0.087365,-0.13113,0.079322
0,0.2,1.6956,0.3163,0.42648,-0.0036048,0.082389,-0.22359,-0.082118,-0.13123,0.079464
0,0.2,1.7584,0.30848,0.45193,-0.034644,0.09395,-0.22309,-0.078348,-0.13125,0.079579
0,0.2,1.8212,0.3025,0.47895,-0.06976,0.10521,-0.22266,-0.075714,-0.13125,0.079675
0,0.2,1.884,0.29857,0.50689,-0.10912,0.11594,-0.22227,-0.073484,-0.13125,0.079755
0,0.2,1.9468,0.2971,0.53373,-0.15179,0.12556,-0.22194,-0.070491,-0.13125,0.079821
0,0.2,2.0096,0.2987,0.55448,-0.19405,0.13259,-0.22164,-0.064934,-0.13125,0.079875
0,0.2,2.0724,0.30417,0.55879,-0.22626,0.13383,-0.22138,-0.055168,-0.13125,0.07992
0,0.2,2.1352,0.31414,0.5294,-0.22922,0.12335,-0.22116,-0.042722,-0.13125,0.079957
0,0.2,2.198,0.32805,0.44873,-0.17775,0.093641,-0.22096,-0.03246,-0.13125,0.079988
0,0.2,2.2608,0.34287,0.32067,-0.063713,0.042567,-0.22078,-0.026675,-0.13125,0.080014
0,0.2,2.3236,0.35314,0.18425,0.078856,-0.017956,-0.22063,-0.02411,-0.13125,0.080038
0,0.2,2.3864,0.35068,0.083931,0.19542,-0.063188,-0.2205,-0.023113,-0.13125,0.080059
0,0.2,2.4492,0.32213,0.039569,0.25161,-0.060534,-0.22038,-0.022762,-0.13125,0.08008
0,0.2,2.512,0.26219,0.051306,0.24408,0.011396,-0.22027,-0.022658,-0.13125,0.0801
0,0.2,2.5748,0.20211,0.097292,0.20461,0.11155,-0.22018,-0.022644,-0.13125,0.080121
0,0.2,2.6376,0.17606,0.14589,0.16926,0.17519,-0.2201,-0.022661,-0.13125,0.080143
0,0.2,2.7004,0.18203,0.18556,0.1451,0.19212,-0.22003,-0.022686,-0.13125,0.080165
0,0.2,2.7632,0.2054,0.21653,0.12828,0.18143,-0.21997,-0.022712,-0.13125,0.080189
0,0.2,2.826,0.23226,0.23705,0.11899,0.16415,-0.21992,-0.022735,-0.13125,0.080215
0,0.2,2.8888,0.25186,0.24658,0.11785,0.15405,-0.21987,-0.022756,-0.13125,0.080242
0,0.2,2.9516,0.26107,0.24887,0.12249,0.15293,-0.21983,-0.022774,-0.13125,0.080271
0,0.2,3.0144,0.26143,0.24743,0.13037,0.15752,-0.21979,-0.022789,-0.13125,0.080301
0,0.2,3.0772,0.25521,0.2438,0.13992,0.16497,-0.21976,-0.022803,-0.13125,0.080333
0,0.2,3.14,0.24451,0.23849,0.14997,0.17348,-0.21973,-0.022814,-0.13125,0.080366
0,0.3,-3.14,0.24528,0.2429,0.14355,0.17141,-0.24269,-0.066981,-0.10059,0.16163
0,0.3,-3.0772,0.23304,0.23694,0.15169,0.17887,-0.24267,-0.066982,-0.10059,0.16115
0,0.3,-3.0144,0.21935,0.23003,0.15801,0.18575,-0.24265,-0.066984,-0.10059,0.16057
0,0.3,-2.9516,0.20535,0.22293,0.16071,0.19207,-0.24263,-0.066985,-0.10059,0.15987
0,0.3,-2.8888,0.19161,0.21715,0.15707,0.19873,-0.2426,-0.066987,-0.10059,0.15905
0,0.3,-2.826,0.17807,0.21626,0.14267,0.20714,-0.24257,-0.066989,-0.10059,0.15808
0,0.3,-2.7632,0.16561,0.22864,0.1118,0.21474,-0.24254,-0.066991,-0.10059,0.15696
0,0.3,-2.7004,0.15784,0.26092,0.071845,0.20376,-0.2425,-0.066993,-0.10059,0.15565
0,0.3,-2.6376,0.14335,0.27585,0.074564,0.16846,-0.24246,-0.066995,-0.10059,0.15416
0,0.3,-2.5748,0.076803,0.21159,0.15841,0.20703,-0.24241,-0.066996,-0.10059,0.15244
0,0.3,-2.512,-0.033375,0.13316,0.23591,0.39286,-0.24236,-0.066998,-0.10059,0.15048
0,0.3,-2.4492,-0.10828,0.13221,0.2277,0.57448,-0.24231,-0.066999,-0.10059,0.14825
0,0.3,-2.3864,-0.1391,0.15987,0.19007,0.65807,-0.24225,-0.067,-0.10059,0.14573
0,0.3,-2.3236,-0.14416,0.17201,0.17069,0.67156,-0.24219,-0.067,-0.10059,0.14289
0,0.3,-2.2608,-0.13015,0.1686,0.1732,0.64643,-0.24212,-0.066999,-0.10059,0.13969
0,0.3,-2.198,-0.10429,0.15854,0.18814,0.60384,-0.24205,-0.066996,-0.10059,0.13612
0,0.3,-2.1352,-0.07432,0.14676,0.20773,0.5573,-0.24198,-0.066991,-0.10059,0.13214
0,0.3,-2.0724,-0.045257,0.13469,0.22813,0.51357,-0.24191,-0.066984,-0.10059,0.12771
0,0.3,-2.0096,-0.019312,0.12242,0.24797,0.475,-0.24183,-0.066974,-0.10059,0.12283
0,0.3,-1.9468,0.0029461,0.10973,0.267,0.44188,-0.24176,-0.066959,-0.10059,0.11745
0,0.3,-1.884,0.021683,0.096407,0.28536,0.41365,-0.2417,-0.066939,-0.10059,0.11157
0,0.3,-1.8212,0.037325,0.082323,0.30332,0.38956,-0.24165,-0.066912,-0.10059,0.10517
0,0.3,-1.7584,0.050341,0.06738,0.32114,0.36886,-0.24163,-0.066878,-0.10059,0.098254
0,0.3,-1.6956,0.061164,0.051505,0.33908,0.35089,-0.24163,-0.066833,-0.10059,0.090829
0,0.3,-1.6328,0.070167,0.034628,0.35737,0.33511,-0.24166,-0.066777,-0.1006,0.08292
0,0.3,-1.57,0.077658,0.016668,0.37624,0.32104,-0.24175,-0.066707,-0.1006,0.074575
0,0.3,-1.5072,0.083895,-0.0024761,0.3959,0.30826,-0.24191,-0.066623,-0.10061,0.065858
0,0.3,-1.4444,0.089093,-0.022928,0.41658,0.29636,-0.24216,-0.066525,-0.10063,0.05686
0,0.3,-1.3816,0.093453,-0.044843,0.43853,0.28494,-0.24251,-0.066417,-0.10066,0.0477
0,0.3,-1.3188,0.097202,-0.068414,0.46197,0.27353,-0.24298,-0.066306,-0.10071,0.038522
0,0.3,-1.256,0.10065,-0.09388,0.48713,0.26152,-0.24359,-0.066212,-0.1008,0.029497
0,0.3,-1.1932,0.10436,-0.12154,0.51417,0.24805,-0.24435,-0.066174,-0.10094,0.020823
0,0.3,-1.1304,0.10934,-0.15179,0.54309,0.23185,-0.24524,-0.066258,-0.10116,0.012712
0,0.3,-1.0676,0.11754,-0.18519,0.57358,0.21099,-0.24622,-0.06658,-0.10149,0.0053878
0,0.3,-1.0048,0.13242,-0.22264,0.60495,0.1828,-0.24722,-0.067323,-0.10194,-0.00092982
0,0.3,-0.942,0.15934,-0.26564,0.63633,0.14413,-0.2481,-0.068732,-0.10243,-0.0060386
0,0.3,-0.8792,0.20443,-0.31664,0.6679,0.092924,-0.24872,-0.071068,-0.10269,-0.0097699
0,0.3,-0.8164,0.27019,-0.37877,0.70298,0.031192,-0.24894,-0.074447,-0.10213,-0.012005
0,0.3,-0.7536,0.34965,-0.45374,0.74773,-0.032993,-0.24873,-0.078621,-0.10005,-0.012689
0,0.3,-0.6908,0.42417,-0.53424,0.80176,-0.086166,-0.24824,-0.082913,-0.096402,-0.011841
0,0.3,-0.628,0.46212,-0.58173,0.83279,-0.1073,-0.24788,-0.086503,-0.092332,-0.0095564
0,0.3,-0.5652,0.42172,-0.49982,0.752,-0.066862,-0.2481,-0.088866,-0.089188,-0.0060062
0,0.3,-0.5024,0.31325,-0.25362,0.53026,0.027049,-0.24927,-0.089926,-0.087361,-0.0014221
0,0.3,-0.4396,0.22338,-0.03561,0.34966,0.10996,-0.25145,-0.089911,-0.086407,0.0039194
0,0.3,-0.3768,0.17399,0.052189,0.29567,0.16699,-0.25441,-0.089136,-0.08569,0.0097199
0,0.3,-0.314,0.15363,0.086118,0.28058,0.20293,-0.25776,-0.087889,-0.084642,0.015682
0,0.3,-0.2512,0.15749,0.11585,0.2576,0.21518,-0.26107,-0.0864,-0.082746,0.021533
0,0.3,-0.1884,0.17062,0.14198,0.23496,0.21471,-0.26399,-0.084851,-0.079537,0.027039
0,0.3,-0.1256,0.18403,0.1625,0.21751,0.21,-0.2663,-0.08339,-0.074826,0.032023
0,0.3,-0.0628,0.19615,0.17853,0.20357,0.20333,-0.26791,-0.082141,-0.069083,0.036363
0,0.3,-4.4409e-16,0.20785,0.19122,0.19085,0.19477,-0.26883,-0.081207,-0.063486,0.039994
0,0.3,0.0628,0.22047,0.20125,0.17772,0.18391,-0.26913,-0.080669,-0.059246,0.042906
0,0.3,0.1256,0.23546,0.20898,0.16309,0.17021,-0.26892,-0.080585,-0.056877,0.045125
0,0.3,0.1884,0.25445,0.21432,0.14644,0.15294,-0.26827,-0.080983,-0.056174,0.04671
0,0.3,0.2512,0.27898,0.21621,0.12825,0.13142,-0.26722,-0.081862,-0.056621,0.047739
0,0.3,0.314,0.3093,0.21198,0.11075,0.10555,-0.26579,-0.083196,-0.057714,0.048298
0,0.3,0.3768,0.3418,0.19855,0.097963,0.076643,-0.26397,-0.084933,-0.059075,0.048475
0,0.3,0.4396,0.367,0.17811,0.092577,0.048163,-0.26177,-0.087004,-0.060459,0.048352
0,0.3,0.5024,0.38113,0.16161,0.091067,0.021398,-0.25922,-0.089328,-0.061724,0.048001
0,0.3,0.5652,0.40758,0.15091,0.092741,-0.012152,-0.25642,-0.091823,-0.062808,0.047485
0,0.3,0.628,0.4687,0.13144,0.11013,-0.057934,-0.25345,-0.09441,-0.063695,0.046853
0,0.3,0.6908,0.54354,0.10466,0.14634,-0.10176,-0.25042,-0.097015,-0.064396,0.046146
0,0.3,0.7536,0.59382,0.08975,0.18416,-0.12558,-0.24744,-0.099577,-0.064938,0.045395
0,0.3,0.8164,0.60606,0.095852,0.20787,-0.12684,-0.24457,-0.10204,-0.06535,0.044622
0,0.3,0.8792,0.59076,0.1173,0.21554,-0.11408,-0.24187,-0.10438,-0.065658,0.043845
0,0.3,0.942,0.56235,0.14539,0.21218,-0.095603,-0.23937,-0.10656,-0.065887,0.043079
0,0.3,1.0048,0.53015,0.17456,0.20274,-0.075971,-0.23709,-0.10855,-0.066055,0.042342
0,0.3,1.0676,0.49862,0.20243,0.19027,-0.05703,-0.23503,-0.11034,-0.066179,0.041695
0,0.3,1.1304,0.46948,0.22837,0.17627,-0.039317,-0.23318,-0.11192,-0.066271,0.041398
0,0.3,1.1932,0.44318,0.25251,0.16139,-0.022844,-0.23153,-0.11325,-0.06635,0.042641
0,0.3,1.256,0.41968,0.27521,0.14577,-0.0074543,-0.23007,-0.11427,-0.066482,0.049343
0,0.3,1.3188,0.39875,0.29692,0.12936,0.0070429,-0.22878,-0.1149,-0.06705,0.063643
0,0.3,1.3816,0.38016,0.31805,0.11197,0.020821,-0.22764,-0.11497,-0.070303,0.073863
0,0.3,1.4444,0.36367,0.33899,0.093364,0.034022,-0.22664,-0.11422,-0.085207,0.076726
0,0.3,1.5072,0.34912,0.36012,0.073214,0.046757,-0.22576,-0.11228,-0.11333,0.077004
0,0.3,1.57,0.33636,0.3818,0.051146,0.059109,-0.22499,-0.10871,-0.1276,0.076725
0,0.3,1.6328,0.32532,0.40439,0.026718,0.071134,-0.22431,-0.10326,-0.13064,0.076364
0,0.3,1.6956,0.31594,0.4282,-0.00057792,0.082866,-0.22372,-0.095991,-0.13115,0.076018
0,0.3,1.7584,0.30826,0.45347,-0.03128,0.094298,-0.2232,-0.087174,-0.13123,0.075706
0,0.3,1.8212,0.30239,0.48013,-0.065846,0.10535,-0.22275,-0.076476,-0.13124,0.07543
0,0.3,1.884,0.29855,0.50753,-0.10435,0.11577,-0.22235,-0.062933,-0.13125,0.075188
0,0.3,1.9468,0.29715,0.5336,-0.14574,0.12491,-0.222,-0.047678,-0.13125,0.074981
0,0.3,2.0096,0.29878,0.55346,-0.18631,0.13128,-0.2217,-0.035182,-0.13125,0.074805
0,0.3,2.0724,0.30422,0.55724,-0.21679,0.13176,-0.22143,-0.027891,-0.13125,0.074659
0,0.3,2.1352,0.31406,0.52881,-0.2193,0.12075,-0.2212,-0.024497,-0.13125,0.07454
0,0.3,2.198,0.32765,0.4517,-0.17066,0.091363,-0.22099,-0.023096,-0.13125,0.074447
0,0.3,2.2608,0.34184,0.3284,-0.062639,0.041725,-0.22081,-0.022565,-0.13125,0.074378
0,0.3,2.3236,0.35073,0.19377,0.075023,-0.016667,-0.22066,-0.022393,-0.13125,0.07433
0,0.3,2.3864,0.34576,0.091089,0.19095,-0.059164,-0.22052,-0.022366,-0.13125,0.074302
0,0.3,2.4492,0.31507,0.042983,0.24962,-0.054098,-0.2204,-0.022395,-0.13125,0.074292
0,0.3,2.512,0.25616,0.051149,0.24589,0.016501,-0.22029,-0.022443,-0.13125,0.074299
0,0.3,2.5748,0.19797,0.094767,0.20867,0.11396,-0.2202,-0.022495,-0.13125,0.074319
0,0.3,2.6376,0.17147,0.14322,0.17281,0.17815,-0.22011,-0.022545,-0.13125,0.074353
0,0.3,2.7004,0.17614,0.1837,0.1475,0.19672,-0.22004,-0.02259,-0.13125,0.074399
0,0.3,2.7632,0.19864,0.21558,0.12983,0.18676,-0.21998,-0.022631,-0.13125,0.074455
0,0.3,2.826,0.22565,0.23733,0.11945,0.16871,-0.21992,-0.022666,-0.13125,0.074521
0,0.3,2.8888,0.24647,0.24821,0.11686,0.1569,-0.21987,-0.022697,-0.13125,0.074594
0,0.3,2.9516,0.25735,0.25147,0.12,0.15411,-0.21983,-0.022723,-0.13125,0.074675
0,0.3,3.0144,0.25947,0.25072,0.12637,0.15733,-0.21979,-0.022746,-0.13125,0.074762
0,0.3,3.0772,0.25499,0.24774,0.13444,0.16359,-0.21976,-0.022765,-0.13125,0.074854
0,0.3,3.14,0.24584,0.24317,0.14311,0.17103,-0.21973,-0.022782,-0.13125,0.074951
0,0.4,-3.14,0.24369,0.24667,0.13797,0.16991,-0.24269,-0.066978,-0.10059,0.14728
0,0.4,-3.0772,0.23285,0.24149,0.14489,0.17631,-0.24268,-0.066979,-0.10059,0.14671
0,0.4,-3.0144,0.22027,0.23551,0.15011,0.18226,-0.24265,-0.066981,-0.10059,0.14604
0,0.4,-2.9516,0.20706,0.22949,0.15183,0.18779,-0.24263,-0.066982,-0.10059,0.14527
0,0.4,-2.8888,0.1938,0.22503,0.14735,0.19367,-0.24261,-0.066984,-0.10059,0.14437
0,0.4,-2.826,0.18061,0.22565,0.13271,0.20057,-0.24258,-0.066985,-0.10059,0.14333
0,0.4,-2.7632,0.16834,0.23802,0.1047,0.20473,-0.24255,-0.066987,-0.10059,0.14213
0,0.4,-2.7004,0.15748,0.26161,0.075369,0.19288,-0.24251,-0.066989,-0.10059,0.14077
0,0.4,-2.6376,0.13188,0.25694,0.090191,0.17468,-0.24248,-0.066992,-0.10059,0.13921
0,0.4,-2.5748,0.057107,0.18243,0.17019,0.23923,-0.24243,-0.066994,-0.10059,0.13744
0,0.4,-2.512,-0.044085,0.11184,0.23308,0.42186,-0.24239,-0.066996,-0.10059,0.13543
0,0.4,-2.4492,-0.10723,0.11695,0.22111,0.58309,-0.24234,-0.066999,-0.10059,0.13316
0,0.4,-2.3864,-0.13226,0.14635,0.18725,0.65502,-0.24229,-0.067001,-0.10059,0.1306
0,0.4,-2.3236,-0.13479,0.1608,0.17118,0.6643,-0.24224,-0.067003,-0.10059,0.12773
0,0.4,-2.2608,-0.12042,0.16036,0.17504,0.63875,-0.24218,-0.067005,-0.10059,0.12451
0,0.4,-2.198,-0.09561,0.15293,0.19012,0.5975,-0.24213,-0.067006,-0.10059,0.12092
0,0.4,-2.1352,-0.067211,0.14305,0.20938,0.55272,-0.24207,-0.067007,-0.10059,0.11693
0,0.4,-2.0724,-0.039686,0.13226,0.22936,0.51056,-0.24202,-0.067006,-0.10059,0.1125
0,0.4,-2.0096,-0.015048,0.12082,0.24881,0.47324,-0.24198,-0.067004,-0.10059,0.10762
0,0.4,-1.9468,0.0061588,0.10869,0.26749,0.44103,-0.24194,-0.067001,-0.10059,0.10227
0,0.4,-1.884,0.024063,0.095771,0.28554,0.41346,-0.24192,-0.066994,-0.10059,0.096407
0,0.4,-1.8212,0.039042,0.081989,0.30321,0.38984,-0.24193,-0.066985,-0.10059,0.09004
0,0.4,-1.7584,0.051527,0.067292,0.32075,0.36947,-0.24196,-0.066972,-0.10059,0.083161
0,0.4,-1.6956,0.061919,0.051632,0.33841,0.35173,-0.24203,-0.066954,-0.10059,0.075782
0,0.4,-1.6328,0.070568,0.034952,0.35642,0.33609,-0.24216,-0.066929,-0.1006,0.067927
0,0.4,-1.57,0.077768,0.017183,0.37498,0.3221,-0.24235,-0.066898,-0.10061,0.05964
0,0.4,-1.5072,0.083765,-0.0017696,0.3943,0.30936,-0.24262,-0.06686,-0.10062,0.050988
0,0.4,-1.4444,0.088771,-0.022025,0.41461,0.29748,-0.24299,-0.066813,-0.10065,0.04206
0,0.4,-1.3816,0.092984,-0.043735,0.43612,0.28607,-0.24346,-0.066761,-0.1007,0.032974
0,0.4,-1.3188,0.096626,-0.067086,0.45905,0.27468,-0.24404,-0.066707,-0.10078,0.023875
0,0.4,-1.256,0.10001,-0.092312,0.48361,0.26273,-0.24471,-0.066662,-0.10092,0.014935
0,0.4,-1.1932,0.10367,-0.1197,0.50992,0.24941,-0.24543,-0.066647,-0.10116,0.006353
0,0.4,-1.1304,0.10858,-0.14963,0.53797,0.23352,-0.24614,-0.0667,-0.10155,-0.001655
0,0.4,-1.0676,0.11658,-0.18264,0.56745,0.21328,-0.24673,-0.06689,-0.10217,-0.0088607
0,0.4,-1.0048,0.13086,-0.21955,0.59772,0.18621,-0.24705,-0.067334,-0.10307,-0.015038
0,0.4,-0.942,0.15635,-0.26173,0.62798,0.14943,-0.24697,-0.068211,-0.10421,-0.019974
0,0.4,-0.8792,0.1986,-0.31136,0.65837,0.10109,-0.24645,-0.06977,-0.10521,-0.023491
0,0.4,-0.8164,0.25995,-0.37113,0.6917,0.043044,-0.24566,-0.072273,-0.10521,-0.025457
0,0.4,-0.7536,0.3341,-0.44219,0.73313,-0.01712,-0.24497,-0.075844,-0.10317,-0.025805
0,0.4,-0.6908,0.40377,-0.51706,0.78171,-0.066503,-0.24492,-0.080251,-0.099065,-0.024541
0,0.4,-0.628,0.44024,-0.5607,0.80888,-0.086,-0.24595,-0.084824,-0.094375,-0.021749
0,0.4,-0.5652,0.40779,-0.48974,0.73832,-0.051373,-0.24823,-0.088735,-0.090663,-0.017593
0,0.4,-0.5024,0.31308,-0.26633,0.53683,0.030734,-0.2516,-0.091434,-0.088366,-0.012301
0,0.4,-0.4396,0.22919,-0.049923,0.35516,0.10653,-0.25566,-0.092821,-0.087085,-0.006151
0,0.4,-0.3768,0.18099,0.046366,0.29235,0.16039,-0.25992,-0.093099,-0.086245,0.00054802
0,0.4,-0.314,0.1585,0.081744,0.27801,0.19681,-0.26391,-0.092563,-0.085349,0.0074836
0,0.4,-0.2512,0.15902,0.11018,0.25823,0.21133,-0.26726,-0.09148,-0.083951,0.01436
0,0.4,-0.1884,0.17037,0.1359,0.23657,0.21217,-0.26973,-0.090059,-0.081582,0.020917
0,0.4,-0.1256,0.18329,0.15653,0.21892,0.20785,-0.2712,-0.088463,-0.077801,0.026944
0,0.4,-0.0628,0.19546,0.17272,0.20457,0.20123,-0.27167,-0.086823,-0.07247,0.032285
0,0.4,-4.4409e-16,0.20738,0.18552,0.19152,0.19264,-0.27123,-0.085254,-0.066156,0.036842
0,0.4,0.0628,0.22022,0.19563,0.1782,0.18176,-0.27002,-0.083862,-0.060097,0.040569
0,0.4,0.1256,0.23532,0.20336,0.1636,0.16809,-0.26824,-0.082741,-0.055476,0.043465
0,0.4,0.1884,0.25411,0.20852,0.14735,0.15101,-0.26611,-0.081974,-0.052758,0.045566
0,0.4,0.2512,0.2777,0.20997,0.1301,0.13004,-0.26383,-0.081625,-0.051745,0.046934
0,0.4,0.314,0.30581,0.20526,0.11407,0.10526,-0.26154,-0.081735,-0.051985,0.047647
0,0.4,0.3768,0.33453,0.19224,0.10274,0.078026,-0.25932,-0.082319,-0.053041,0.047792
0,0.4,0.4396,0.3559,0.17402,0.097842,0.050971,-0.2572,-0.083365,-0.054567,0.047459
0,0.4,0.5024,0.36978,0.15985,0.096381,0.023749,-0.25511,-0.084836,-0.056305,0.046738
0,0.4,0.5652,0.39851,0.14929,0.09926,-0.011465,-0.253,-0.086672,-0.058063,0.045711
0,0.4,0.628,0.45933,0.13028,0.11725,-0.057443,-0.25081,-0.088802,-0.059706,0.044453
0,0.4,0.6908,0.53151,0.10586,0.1516,-0.099997,-0.24853,-0.091146,-0.061156,0.043031
0,0.4,0.7536,0.58025,0.0931,0.18674,-0.12282,-0.24619,-0.093624,-0.062377,0.041504
0,0.4,0.8164,0.59327,0.099719,0.20895,-0.124,-0.24384,-0.096161,-0.063369,0.03992
0,0.4,0.8792,0.58001,0.12056,0.21638,-0.1116,-0.24151,-0.098689,-0.064152,0.038321
0,0.4,0.942,0.55376,0.14777,0.2134,-0.09351,-0.23928,-0.10115,-0.064756,0.036743
0,0.4,1.0048,0.52337,0.17625,0.20448,-0.074154,-0.23717,-0.10351,-0.065215,0.035232
0,0.4,1.0676,0.49325,0.2037,0.19244,-0.05539,-0.23521,-0.10573,-0.065559,0.033898
0,0.4,1.1304,0.46517,0.22945,0.17875,-0.037789,-0.23342,-0.10777,-0.065814,0.033205
0,0.4,1.1932,0.43968,0.25354,0.16404,-0.021391,-0.23179,-0.10963,-0.066005,0.035095
0,0.4,1.256,0.41682,0.2763,0.14852,-0.006056,-0.23033,-0.11128,-0.066159,0.044313
0,0.4,1.3188,0.3964,0.2981,0.13215,0.0083967,-0.22903,-0.11267,-0.066365,0.058198
0,0.4,1.3816,0.37822,0.31934,0.11479,0.022134,-0.22787,-0.11374,-0.067106,0.064822
0,0.4,1.4444,0.3621,0.34039,0.096194,0.035292,-0.22685,-0.11429,-0.071138,0.065919
0,0.4,1.5072,0.34785,0.36159,0.076079,0.047976,-0.22595,-0.11392,-0.088306,0.065518
0,0.4,1.57,0.33536,0.38329,0.054088,0.060261,-0.22515,-0.11176,-0.11607,0.064867
0,0.4,1.6328,0.32456,0.40585,0.029804,0.072194,-0.22446,-0.1061,-0.12827,0.064235
0,0.4,1.6956,0.3154,0.42954,0.0027535,0.083793,-0.22384,-0.09487,-0.13074,0.063671
0,0.4,1.7584,0.30791,0.45458,-0.027556,0.095033,-0.22331,-0.078399,-0.13115,0.063183
0,0.4,1.8212,0.30222,0.48088,-0.061518,0.1058,-0.22284,-0.061362,-0.13122,0.062766
0,0.4,1.884,0.29856,0.50773,-0.09913,0.11582,-0.22243,-0.047799,-0.13124,0.062417
0,0.4,1.9468,0.29733,0.53312,-0.1393,0.12439,-0.22207,-0.038151,-0.13124,0.062129
0,0.4,2.0096,0.29911,0.55236,-0.17842,0.13002,-0.22176,-0.031628,-0.13125,0.061898
0,0.4,2.0724,0.30467,0.55618,-0.20777,0.12968,-0.22148,-0.027464,-0.13125,0.061719
0,0.4,2.1352,0.31454,0.5296,-0.21091,0.11816,-0.22124,-0.024972,-0.13125,0.061588
0,0.4,2.198,0.32797,0.45702,-0.16646,0.089152,-0.22103,-0.023571,-0.13125,0.0615
0,0.4,2.2608,0.34159,0.33895,-0.065441,0.041055,-0.22084,-0.022831,-0.13125,0.06145
0,0.4,2.3236,0.34897,0.2057,0.067275,-0.015038,-0.22068,-0.022473,-0.13125,0.061436
0,0.4,2.3864,0.34129,0.099543,0.18349,-0.054639,-0.22054,-0.022326,-0.13125,0.061453
0,0.4,2.4492,0.30831,0.046366,0.24607,-0.047272,-0.22042,-0.02229,-0.13125,0.061498
0,0.4,2.512,0.2501,0.050013,0.24737,0.021823,-0.22031,-0.02231,-0.13125,0.061569
0,0.4,2.5748,0.1933,0.090879,0.21312,0.11661,-0.22021,-0.022356,-0.13125,0.061662
0,0.4,2.6376,0.16591,0.13913,0.17705,0.18157,-0.22013,-0.022411,-0.13125,0.061776
0,0.4,2.7004,0.16874,0.18045,0.15068,0.20233,-0.22005,-0.022467,-0.13125,0.061907
0,0.4,2.7632,0.18976,0.21319,0.13229,0.19368,-0.21999,-0.022521,-0.13125,0.062054
0,0.4,2.826,0.21636,0.23621,0.12101,0.17522,-0.21993,-0.022569,-0.13125,0.062215
0,0.4,2.8888,0.23809,0.24864,0.11704,0.16157,-0.21988,-0.022612,-0.13125,0.062388
0,0.4,2.9516,0.25058,0.25311,0.11869,0.15678,-0.21984,-0.02265,-0.13125,0.062572
0,0.4,3.0144,0.25445,0.25315,0.12362,0.15838,-0.2198,-0.022682,-0.13125,0.062765
0,0.4,3.0772,0.2517,0.25082,0.13028,0.16331,-0.21976,-0.022711,-0.13125,0.062966
0,0.4,3.14,0.24417,0.2469,0.1376,0.16958,-0.21973,-0.022735,-0.13125,0.063174
0,0.5,-3.14,0.23914,0.24948,0.13374,0.16949,-0.2427,-0.066976,-0.10059,0.13951
0,0.5,-3.0772,0.22981,0.24506,0.13934,0.17482,-0.24268,-0.066977,-0.10059,0.13885
0,0.5,-3.0144,0.21851,0.23999,0.14326,0.17988,-0.24266,-0.066978,-0.10059,0.13808
0,0.5,-2.9516,0.20621,0.23509,0.14371,0.18478,-0.24264,-0.066979,-0.10059,0.13721
0,0.5,-2.8888,0.19344,0.23196,0.13811,0.1901,-0.24262,-0.06698,-0.10059,0.13622
0,0.5,-2.826,0.18035,0.23387,0.12329,0.19583,-0.24259,-0.066982,-0.10059,0.13509
0,0.5,-2.7632,0.16721,0.24498,0.098871,0.19781,-0.24256,-0.066984,-0.10059,0.13381
0,0.5,-2.7004,0.15117,0.25804,0.080403,0.18874,-0.24253,-0.066985,-0.10059,0.13236
0,0.5,-2.6376,0.11393,0.23474,0.10591,0.19021,-0.2425,-0.066988,-0.10059,0.13072
0,0.5,-2.5748,0.033367,0.15361,0.18138,0.27769,-0.24246,-0.06699,-0.10059,0.12887
0,0.5,-2.512,-0.057149,0.093022,0.2307,0.45316,-0.24242,-0.066992,-0.10059,0.12679
0,0.5,-2.4492,-0.10832,0.10388,0.21568,0.59306,-0.24238,-0.066995,-0.10059,0.12445
0,0.5,-2.3864,-0.12692,0.1342,0.18563,0.65246,-0.24234,-0.066997,-0.10059,0.12183
0,0.5,-2.3236,-0.12611,0.15037,0.17275,0.65668,-0.2423,-0.067,-0.10059,0.11891
0,0.5,-2.2608,-0.11075,0.15259,0.17777,0.63024,-0.24226,-0.067003,-0.10059,0.11565
0,0.5,-2.198,-0.086616,0.14767,0.19275,0.59016,-0.24222,-0.067006,-0.10059,0.11202
0,0.5,-2.1352,-0.059631,0.13967,0.21148,0.54719,-0.24218,-0.067009,-0.10059,0.108
0,0.5,-2.0724,-0.033617,0.13016,0.23087,0.50674,-0.24216,-0.067011,-0.10059,0.10356
0,0.5,-2.0096,-0.010321,0.11957,0.2498,0.47081,-0.24214,-0.067013,-0.10059,0.098682
0,0.5,-1.9468,0.0097731,0.10802,0.26805,0.43966,-0.24215,-0.067015,-0.10059,0.093331
0,0.5,-1.884,0.026779,0.095518,0.28573,0.41288,-0.24218,-0.067015,-0.10059,0.087496
0,0.5,-1.8212,0.041037,0.082052,0.30306,0.38982,-0.24223,-0.067014,-0.10059,0.081167
0,0.5,-1.7584,0.052937,0.067613,0.32029,0.36985,-0.24233,-0.067012,-0.10059,0.074342
0,0.5,-1.6956,0.062851,0.052182,0.33764,0.3524,-0.24248,-0.067007,-0.1006,0.067033
0,0.5,-1.6328,0.071106,0.035719,0.35533,0.33696,-0.24269,-0.067,-0.1006,0.059267
0,0.5,-1.57,0.077979,0.018166,0.37355,0.3231,-0.24297,-0.066989,-0.10062,0.051089
0,0.5,-1.5072,0.083705,-0.00056273,0.39251,0.31043,-0.24332,-0.066975,-0.10064,0.042564
0,0.5,-1.4444,0.088485,-0.020578,0.41241,0.2986,-0.24375,-0.066957,-0.10068,0.033785
0,0.5,-1.3816,0.092513,-0.042025,0.43345,0.28724,-0.24423,-0.066937,-0.10075,0.024869
0,0.5,-1.3188,0.096006,-0.065081,0.45582,0.27591,-0.24474,-0.066916,-0.10088,0.015963
0,0.5,-1.256,0.099265,-0.089966,0.47971,0.26407,-0.2452,-0.066901,-0.10111,0.0072416
0,0.5,-1.1932,0.1028,-0.11696,0.50523,0.25096,-0.24551,-0.066902,-0.10149,-0.0010963
0,0.5,-1.1304,0.10753,-0.1464,0.53234,0.23548,-0.24553,-0.066942,-0.10214,-0.008831
0,0.5,-1.0676,0.11514,-0.17878,0.56074,0.21598,-0.24515,-0.06706,-0.10319,-0.015732
0,0.5,-1.0048,0.12857,-0.21485,0.58983,0.19021,-0.24429,-0.067326,-0.10475,-0.021568
0,0.5,-0.942,0.15224,-0.25581,0.61889,0.15557,-0.24311,-0.067856,-0.10674,-0.026125
0,0.5,-0.8792,0.19116,-0.30354,0.64799,0.11039,-0.24196,-0.06883,-0.10856,-0.029219
0,0.5,-0.8164,0.24751,-0.36029,0.67944,0.056299,-0.24142,-0.070497,-0.10885,-0.030717
0,0.5,-0.7536,0.3158,-0.4267,0.7174,0.00027873,-0.24203,-0.073122,-0.10629,-0.030548
0,0.5,-0.6908,0.38046,-0.4955,0.76073,-0.045654,-0.2441,-0.07684,-0.10124,-0.028722
0,0.5,-0.628,0.41614,-0.53608,0.78509,-0.064608,-0.24758,-0.081433,-0.095769,-0.025326
0,0.5,-0.5652,0.39291,-0.4784,0.72666,-0.037054,-0.25213,-0.086245,-0.091583,-0.020534
0,0.5,-0.5024,0.31335,-0.2816,0.548,0.032589,-0.25727,-0.090443,-0.08901,-0.014589
0,0.5,-0.4396,0.23629,-0.068961,0.36586,0.10104,-0.26246,-0.093458,-0.087578,-0.0077898
0,0.5,-0.3768,0.18944,0.03825,0.29057,0.15148,-0.26725,-0.095169,-0.08672,-0.00046803
0,0.5,-0.314,0.1648,0.076676,0.27507,0.18828,-0.27129,-0.095764,-0.085989,0.0070357
0,0.5,-0.2512,0.16121,0.10351,0.25917,0.2058,-0.27432,-0.095523,-0.085016,0.014397
0,0.5,-0.1884,0.17001,0.12848,0.2391,0.20869,-0.27622,-0.094696,-0.083417,0.021329
0,0.5,-0.1256,0.18212,0.14918,0.22132,0.20512,-0.27695,-0.093476,-0.080744,0.027597
0,0.5,-0.0628,0.19429,0.1656,0.20642,0.19866,-0.27656,-0.092002,-0.076573,0.033029
0,0.5,-4.4409e-16,0.20647,0.1786,0.19289,0.19006,-0.27513,-0.090385,-0.070826,0.037515
0,0.5,0.0628,0.21958,0.18881,0.1793,0.17917,-0.27283,-0.08872,-0.064158,0.041008
0,0.5,0.1256,0.23478,0.1965,0.16475,0.16557,-0.26984,-0.0871,-0.057839,0.043514
0,0.5,0.1884,0.25323,0.20137,0.14905,0.14879,-0.26637,-0.085614,-0.052979,0.04508
0,0.5,0.2512,0.2756,0.20225,0.13299,0.12852,-0.26265,-0.084351,-0.049954,0.045787
0,0.5,0.314,0.30103,0.19708,0.11868,0.10502,-0.25893,-0.083393,-0.048535,0.045737
0,0.5,0.3768,0.32554,0.18478,0.1089,0.079558,-0.25542,-0.08281,-0.048311,0.045042
0,0.5,0.4396,0.34323,0.16924,0.10445,0.053777,-0.25228,-0.082655,-0.048922,0.043817
0,0.5,0.5024,0.35759,0.15761,0.10301,0.025866,-0.24959,-0.082955,-0.050111,0.042175
0,0.5,0.5652,0.38926,0.14739,0.10702,-0.010957,-0.24734,-0.083715,-0.051693,0.04022
0,0.5,0.628,0.4499,0.12916,0.12545,-0.056777,-0.24547,-0.084912,-0.053513,0.038046
0,0.5,0.6908,0.51883,0.10746,0.1577,-0.097541,-0.24383,-0.086499,-0.055433,0.035735
0,0.5,0.7536,0.56526,0.097159,0.18984,-0.11897,-0.24231,-0.088415,-0.057325,0.033356
0,0.5,0.8164,0.57864,0.10441,0.21021,-0.1199,-0.2408,-0.090585,-0.059085,0.030967
0,0.5,0.8792,0.56737,0.12458,0.2172,-0.1079,-0.23926,-0.092931,-0.060642,0.028615
0,0.5,0.942,0.54345,0.15077,0.21452,-0.090292,-0.23769,-0.095375,-0.061962,0.026344
0,0.5,1.0048,0.51512,0.17839,0.2061,-0.071318,-0.2361,-0.097845,-0.063041,0.024211
0,0.5,1.0676,0.48662,0.20526,0.19451,-0.05282,-0.23454,-0.10028,-0.063898,0.022399
0,0.5,1.1304,0.45981,0.23068,0.18115,-0.035402,-0.23303,-0.1026,-0.064563,0.021692
0,0.5,1.1932,0.4353,0.25463,0.16667,-0.019136,-0.2316,-0.10475,-0.06507,0.025064
0,0.5,1.256,0.41321,0.27735,0.15129,-0.0039026,-0.23027,-0.1066,-0.065454,0.036771
0,0.5,1.3188,0.39341,0.29918,0.135,0.010464,-0.22905,-0.10786,-0.065758,0.048431
0,0.5,1.3816,0.37576,0.32047,0.11769,0.02412,-0.22794,-0.10792,-0.066099,0.052054
0,0.5,1.4444,0.36006,0.34156,0.099147,0.037196,-0.22694,-0.10544,-0.067087,0.051993
0,0.5,1.5072,0.3462,0.36279,0.079104,0.049788,-0.22605,-0.098657,-0.072082,0.051124
0,0.5,1.57,0.33404,0.38448,0.05723,0.061962,-0.22526,-0.087704,-0.091583,0.050182
0,0.5,1.6328,0.32354,0.40695,0.033135,0.073754,-0.22456,-0.076793,-0.11845,0.049316
0,0.5,1.6956,0.31465,0.43049,0.0063799,0.085166,-0.22394,-0.069527,-0.12878,0.048549
0,0.5,1.7584,0.30742,0.45526,-0.023484,0.096153,-0.2234,-0.065274,-0.13079,0.04788
0,0.5,1.8212,0.30198,0.48116,-0.056797,0.10658,-0.22292,-0.061915,-0.13113,0.047303
0,0.5,1.884,0.29856,0.50749,-0.093504,0.11611,-0.2225,-0.057907,-0.1312,0.046811
0,0.5,1.9468,0.29757,0.5323,-0.13252,0.12403,-0.22213,-0.052553,-0.13122,0.046396
0,0.5,2.0096,0.29961,0.55117,-0.17041,0.12885,-0.22181,-0.046022,-0.13123,0.046052
0,0.5,2.0724,0.30541,0.55552,-0.19918,0.12768,-0.22153,-0.039231,-0.13124,0.045773
0,0.5,2.1352,0.31542,0.53158,-0.2039,0.11567,-0.22128,-0.033288,-0.13124,0.045553
0,0.5,2.198,0.32883,0.46441,-0.16485,0.087117,-0.22106,-0.028834,-0.13124,0.045387
0,0.5,2.2608,0.34198,0.3522,-0.071898,0.040652,-0.22087,-0.025887,-0.13125,0.045269
0,0.5,2.3236,0.3479,0.22036,0.055405,-0.01304,-0.22071,-0.024113,-0.13125,0.045194
0,0.5,2.3864,0.33748,0.10988,0.17241,-0.049728,-0.22056,-0.023125,-0.13125,0.04516
0,0.5,2.4492,0.30209,0.050313,0.24016,-0.040218,-0.22043,-0.022617,-0.13125,0.04516
0,0.5,2.512,0.24416,0.048356,0.24775,0.027363,-0.22032,-0.022384,-0.13125,0.045193
0,0.5,2.5748,0.18827,0.085852,0.21748,0.11955,-0.22022,-0.022302,-0.13125,0.045255
0,0.5,2.6376,0.1596,0.13358,0.1818,0.18541,-0.22014,-0.022299,-0.13125,0.045343
0,0.5,2.7004,0.16008,0.17563,0.1546,0.20888,-0.22006,-0.022334,-0.13125,0.045454
0,0.5,2.7632,0.17898,0.20916,0.13566,0.20225,-0.22,-0.022386,-0.13125,0.045586
0,0.5,2.826,0.20452,0.23336,0.12368,0.18393,-0.21994,-0.022442,-0.13125,0.045736
0,0.5,2.8888,0.22676,0.2475,0.11846,0.16847,-0.21989,-0.022496,-0.13125,0.045904
0,0.5,2.9516,0.24075,0.25349,0.11865,0.1613,-0.21984,-0.022547,-0.13125,0.046086
0,0.5,3.0144,0.24639,0.25455,0.12218,0.16089,-0.2198,-0.022592,-0.13125,0.046282
0,0.5,3.0772,0.2454,0.25293,0.12747,0.16425,-0.21977,-0.022632,-0.13125,0.046491
0,0.5,3.14,0.23954,0.24968,0.13344,0.16923,-0.21974,-0.022667,-0.13125,0.04671
0,0.6,-3.14,0.23162,0.25116,0.1308,0.17057,-0.2427,-0.066974,-0.10059,0.1365
0,0.6,-3.0772,0.22386,0.24749,0.13498,0.17482,-0.24269,-0.066974,-0.10059,0.1358
0,0.6,-3.0144,0.21383,0.24331,0.13743,0.17918,-0.24267,-0.066975,-0.10059,0.135
0,0.6,-2.9516,0.20238,0.23944,0.13641,0.18376,-0.24265,-0.066976,-0.10059,0.1341
0,0.6,-2.8888,0.18987,0.23746,0.12963,0.18893,-0.24263,-0.066977,-0.10059,0.13309
0,0.6,-2.826,0.1763,0.23999,0.11501,0.19416,-0.2426,-0.066979,-0.10059,0.13194
0,0.6,-2.7632,0.16086,0.24804,0.095097,0.19601,-0.24258,-0.06698,-0.10059,0.13065
0,0.6,-2.7004,0.13771,0.24899,0.087297,0.19387,-0.24255,-0.066982,-0.10059,0.12919
0,0.6,-2.6376,0.089339,0.20923,0.12137,0.21671,-0.24252,-0.066983,-0.10059,0.12755
0,0.6,-2.5748,0.0066917,0.12628,0.19085,0.32212,-0.24249,-0.066985,-0.10059,0.12571
0,0.6,-2.512,-0.071102,0.077585,0.22774,0.4854,-0.24246,-0.066988,-0.10059,0.12365
0,0.6,-2.4492,-0.11025,0.093459,0.21091,0.60311,-0.24243,-0.06699,-0.10059,0.12134
0,0.6,-2.3864,-0.12206,0.1239,0.18495,0.64952,-0.24239,-0.066992,-0.10059,0.11876
0,0.6,-2.3236,-0.11747,0.1412,0.17519,0.64826,-0.24237,-0.066995,-0.10059,0.11589
0,0.6,-2.2608,-0.10081,0.1457,0.18118,0.62074,-0.24234,-0.066998,-0.10059,0.1127
0,0.6,-2.198,-0.077188,0.14305,0.19587,0.58181,-0.24232,-0.067001,-0.10059,0.10916
0,0.6,-2.1352,-0.051548,0.1368,0.21389,0.54072,-0.24231,-0.067005,-0.10059,0.10525
0,0.6,-2.0724,-0.027052,0.12851,0.23257,0.50212,-0.24232,-0.067008,-0.10059,0.10094
0,0.6,-2.0096,-0.0051438,0.11875,0.25089,0.46772,-0.24234,-0.067011,-0.10059,0.096214
0,0.6,-1.9468,0.013779,0.10777,0.26863,0.43777,-0.24238,-0.067015,-0.10059,0.091046
0,0.6,-1.884,0.029826,0.09568,0.28588,0.41188,-0.24246,-0.067018,-0.10059,0.085422
0,0.6,-1.8212,0.043305,0.082532,0.30284,0.38949,-0.24257,-0.067021,-0.10059,0.079336
0,0.6,-1.7584,0.054571,0.06836,0.31972,0.37,-0.24273,-0.067024,-0.10059,0.07279
0,0.6,-1.6956,0.063965,0.053171,0.33674,0.35289,-0.24293,-0.067026,-0.1006,0.065797
0,0.6,-1.6328,0.07179,0.036943,0.35408,0.33769,-0.24319,-0.067026,-0.10061,0.058385
0,0.6,-1.57,0.078304,0.019629,0.37195,0.324,-0.2435,-0.067026,-0.10063,0.0506
0,0.6,-1.5072,0.083729,0.0011575,0.39051,0.31146,-0.24383,-0.067024,-0.10066,0.042511
0,0.6,-1.4444,0.088255,-0.018575,0.40996,0.29972,-0.24415,-0.067021,-0.10073,0.034206
0,0.6,-1.3816,0.092069,-0.039702,0.43048,0.28843,-0.2444,-0.067017,-0.10084,0.025804
0,0.6,-1.3188,0.095375,-0.062389,0.45225,0.27719,-0.24448,-0.067014,-0.10103,0.017446
0,0.6,-1.256,0.098462,-0.086838,0.47543,0.26551,-0.24424,-0.067015,-0.10138,0.0093037
0,0.6,-1.1932,0.10181,-0.1133,0.50009,0.25268,-0.24356,-0.067025,-0.10199,0.0015686
0,0.6,-1.1304,0.10626,-0.14209,0.52619,0.23767,-0.24238,-0.067058,-0.10302,-0.005548
0,0.6,-1.0676,0.11335,-0.17364,0.55345,0.21902,-0.24077,-0.067136,-0.10467,-0.011826
0,0.6,-1.0048,0.12572,-0.20859,0.58131,0.19469,-0.23909,-0.067299,-0.10711,-0.017047
0,0.6,-0.942,0.1473,-0.24797,0.6091,0.16236,-0.23791,-0.067617,-0.11012,-0.021009
0,0.6,-0.8792,0.18254,-0.29335,0.63683,0.12051,-0.23785,-0.068206,-0.11264,-0.023545
0,0.6,-0.8164,0.2335,-0.34655,0.66632,0.070545,-0.23937,-0.069247,-0.11268,-0.024536
0,0.6,-0.7536,0.29559,-0.40782,0.70086,0.018677,-0.24255,-0.070986,-0.10895,-0.023928
0,0.6,-0.6908,0.35519,-0.47043,0.73928,-0.024208,-0.24717,-0.073694,-0.10264,-0.021742
0,0.6,-0.628,0.39052,-0.50856,0.76168,-0.0435,-0.25277,-0.077515,-0.096449,-0.018084
0,0.6,-0.5652,0.3769,-0.46502,0.71599,-0.023644,-0.25884,-0.082249,-0.091986,-0.013134
0,0.6,-0.5024,0.31319,-0.29757,0.56228,0.033243,-0.26485,-0.087253,-0.089315,-0.0071462
0,0.6,-0.4396,0.24408,-0.092846,0.38266,0.093925,-0.27039,-0.091694,-0.087854,-0.00042398
0,0.6,-0.3768,0.19899,0.026725,0.29195,0.14067,-0.2751,-0.094987,-0.087029,0.0066987
0,0.6,-0.314,0.17274,0.070853,0.27171,0.17724,-0.27878,-0.096994,-0.086434,0.013883
0,0.6,-0.2512,0.16472,0.096272,0.25965,0.19804,-0.28129,-0.097892,-0.085766,0.020812
0,0.6,-0.1884,0.17014,0.11998,0.24209,0.20381,-0.28257,-0.097953,-0.084737,0.027207
0,0.6,-0.1256,0.18084,0.14054,0.22459,0.20156,-0.28266,-0.097417,-0.082991,0.032846
0,0.6,-0.0628,0.19275,0.15719,0.20917,0.19553,-0.28162,-0.096464,-0.080086,0.037571
0,0.6,-4.4409e-16,0.2051,0.17039,0.1951,0.18704,-0.27954,-0.095217,-0.075619,0.041291
0,0.6,0.0628,0.21842,0.1807,0.18122,0.17621,-0.27655,-0.093766,-0.069582,0.043975
0,0.6,0.1256,0.23361,0.18828,0.16683,0.16278,-0.27281,-0.092185,-0.062718,0.045644
0,0.6,0.1884,0.25149,0.19275,0.15185,0.14643,-0.2685,-0.090544,-0.056316,0.046364
0,0.6,0.2512,0.27226,0.193,0.13721,0.12703,-0.26381,-0.088917,-0.051401,0.046228
0,0.6,0.314,0.2946,0.18754,0.12475,0.10495,-0.25894,-0.087381,-0.048241,0.045351
0,0.6,0.3768,0.31483,0.17647,0.11644,0.081186,-0.25414,-0.086017,-0.046559,0.043854
0,0.6,0.4396,0.32957,0.16396,0.11228,0.056288,-0.24961,-0.084906,-0.045942,0.04186
0,0.6,0.5024,0.34541,0.15482,0.11098,0.027375,-0.24556,-0.084123,-0.046064,0.039488
0,0.6,0.5652,0.38033,0.14508,0.1161,-0.010841,-0.24215,-0.083727,-0.046718,0.036844
0,0.6,0.628,0.44052,0.12806,0.13468,-0.055964,-0.23944,-0.083761,-0.047786,0.034025
0,0.6,0.6908,0.50558,0.10945,0.16455,-0.094388,-0.23742,-0.084242,-0.049193,0.031112
0,0.6,0.7536,0.54908,0.10179,0.19346,-0.11404,-0.236,-0.085161,-0.05087,0.028175
0,0.6,0.8164,0.56244,0.10974,0.21175,-0.11459,-0.23501,-0.086486,-0.052739,0.02527
0,0.6,0.8792,0.55307,0.12922,0.21811,-0.10298,-0.23426,-0.08816,-0.054701,0.022442
0,0.6,0.942,0.53158,0.15431,0.21562,-0.085947,-0.23359,-0.090104,-0.056648,0.019738
0,0.6,1.0048,0.50547,0.18093,0.20765,-0.067455,-0.2329,-0.092212,-0.05848,0.017238
0,0.6,1.0676,0.4788,0.20709,0.19651,-0.049311,-0.23213,-0.094321,-0.060122,0.015244
0,0.6,1.1304,0.45343,0.23207,0.18351,-0.032148,-0.23129,-0.096131,-0.06153,0.015062
0,0.6,1.1932,0.43005,0.25576,0.16928,-0.016072,-0.23038,-0.097018,-0.062694,0.020811
0,0.6,1.256,0.40886,0.27836,0.15407,-0.00099042,-0.22944,-0.095722,-0.063626,0.033926
0,0.6,1.3188,0.3898,0.30015,0.1379,0.013245,-0.22851,-0.090435,-0.064358,0.042335
0,0.6,1.3816,0.37275,0.32143,0.12067,0.02678,-0.22761,-0.080907,-0.064941,0.043786
0,0.6,1.4444,0.35757,0.34251,0.10222,0.039732,-0.22675,-0.071051,-0.065527,0.042981
0,0.6,1.5072,0.34415,0.36371,0.082284,0.052189,-0.22596,-0.065006,-0.066882,0.041778
0,0.6,1.57,0.33239,0.38534,0.060568,0.064207,-0.22523,-0.062763,-0.073078,0.040599
0,0.6,1.6328,0.32224,0.40769,0.036707,0.07581,-0.22457,-0.062539,-0.094905,0.039525
0,0.6,1.6956,0.31368,0.43102,0.010296,0.086983,-0.22397,-0.063039,-0.12042,0.038562
0,0.6,1.7584,0.30676,0.45549,-0.019073,0.09766,-0.22344,-0.063598,-0.12912,0.037708
0,0.6,1.8212,0.30162,0.48097,-0.051696,0.10767,-0.22297,-0.063852,-0.13078,0.036953
0,0.6,1.884,0.2985,0.50678,-0.087489,0.11666,-0.22255,-0.063503,-0.13108,0.036289
0,0.6,1.9468,0.29782,0.53109,-0.12541,0.12388,-0.22218,-0.062206,-0.13115,0.035709
0,0.6,2.0096,0.30018,0.54981,-0.16231,0.12786,-0.22185,-0.059564,-0.13119,0.035205
0,0.6,2.0724,0.30627,0.55513,-0.19097,0.12584,-0.22157,-0.055263,-0.1312,0.034771
0,0.6,2.1352,0.31653,0.53446,-0.19805,0.1134,-0.22132,-0.049375,-0.13122,0.034399
0,0.6,2.198,0.33003,0.4735,-0.16544,0.085385,-0.2211,-0.042615,-0.13123,0.034085
0,0.6,2.2608,0.34287,0.36802,-0.081719,0.040629,-0.2209,-0.036137,-0.13123,0.033822
0,0.6,2.3236,0.34754,0.2381,0.039213,-0.010631,-0.22073,-0.030896,-0.13124,0.033606
0,0.6,2.3864,0.33456,0.12284,0.15699,-0.04454,-0.22058,-0.027216,-0.13124,0.033433
0,0.6,2.4492,0.29674,0.055587,0.23093,-0.033127,-0.22045,-0.024899,-0.13125,0.033297
0,0.6,2.512,0.23861,0.046758,0.24616,0.033017,-0.22034,-0.023557,-0.13125,0.033195
0,0.6,2.5748,0.18312,0.080001,0.22111,0.12275,-0.22024,-0.022837,-0.13125,0.033124
0,0.6,2.6376,0.15285,0.12664,0.18676,0.18957,-0.22015,-0.022483,-0.13125,0.033081
0,0.6,2.7004,0.15048,0.16913,0.15916,0.21625,-0.22007,-0.022336,-0.13125,0.033063
0,0.6,2.7632,0.16661,0.20327,0.13985,0.21247,-0.22001,-0.022299,-0.13125,0.033068
0,0.6,2.826,0.19038,0.22848,0.12742,0.19505,-0.21995,-0.022317,-0.13125,0.033093
0,0.6,2.8888,0.21255,0.24433,0.12116,0.17812,-0.21989,-0.022362,-0.13125,0.033136
0,0.6,2.9516,0.22782,0.25212,0.11995,0.16831,-0.21985,-0.022416,-0.13125,0.033196
0,0.6,3.0144,0.23523,0.25453,0.12206,0.16543,-0.21981,-0.022471,-0.13125,0.033271
0,0.6,3.0772,0.23606,0.25383,0.12597,0.16686,-0.21977,-0.022524,-0.13125,0.03336
0,0.6,3.14,0.23193,0.25132,0.13057,0.17037,-0.21974,-0.022571,-0.13125,0.03346
0,0.7,-3.14,0.22085,0.25122,0.12908,0.17418,-0.24271,-0.066972,-0.10059,0.13567
0,0.7,-3.0772,0.21459,0.24834,0.13174,0.17741,-0.24269,-0.066973,-0.10059,0.135
0,0.7,-3.0144,0.2057,0.24496,0.1326,0.18135,-0.24268,-0.066974,-0.10059,0.13424
0,0.7,-2.9516,0.19482,0.24196,0.13003,0.18605,-0.24266,-0.066974,-0.10059,0.13338
0,0.7,-2.8888,0.18212,0.24076,0.1222,0.19167,-0.24264,-0.066975,-0.10059,0.13241
0,0.7,-2.826,0.16719,0.24286,0.10844,0.19748,-0.24262,-0.066976,-0.10059,0.13132
0,0.7,-2.7632,0.14786,0.24587,0.093873,0.20188,-0.2426,-0.066977,-0.10059,0.1301
0,0.7,-2.7004,0.11639,0.23401,0.095989,0.21055,-0.24257,-0.066978,-0.10059,0.12872
0,0.7,-2.6376,0.058904,0.1814,0.13597,0.25457,-0.24255,-0.06698,-0.10059,0.12718
0,0.7,-2.5748,-0.021088,0.10206,0.19777,0.37081,-0.24252,-0.066981,-0.10059,0.12546
0,0.7,-2.512,-0.084315,0.066342,0.22371,0.51666,-0.2425,-0.066983,-0.10059,0.12354
0,0.7,-2.4492,-0.1117,0.086103,0.20655,0.61181,-0.24248,-0.066985,-0.10059,0.12139
0,0.7,-2.3864,-0.11671,0.11589,0.18504,0.64531,-0.24246,-0.066987,-0.10059,0.119
0,0.7,-2.3236,-0.10829,0.13376,0.17828,0.63861,-0.24245,-0.06699,-0.10059,0.11634
0,0.7,-2.2608,-0.090332,0.14005,0.18506,0.61009,-0.24244,-0.066992,-0.10059,0.1134
0,0.7,-2.198,-0.067219,0.13933,0.19931,0.57242,-0.24244,-0.066995,-0.10059,0.11014
0,0.7,-2.1352,-0.04294,0.13462,0.21651,0.53335,-0.24246,-0.066998,-0.10059,0.10655
0,0.7,-2.0724,-0.019997,0.12742,0.23438,0.49673,-0.24249,-0.067002,-0.10059,0.10261
0,0.7,-2.0096,0.00047059,0.11843,0.25201,0.464,-0.24255,-0.067006,-0.10059,0.09829
0,0.7,-1.9468,0.018163,0.10799,0.26918,0.43536,-0.24263,-0.067009,-0.10059,0.093582
0,0.7,-1.884,0.033194,0.096289,0.28596,0.41047,-0.24275,-0.067014,-0.10059,0.088471
0,0.7,-1.8212,0.045842,0.083455,0.30251,0.38883,-0.2429,-0.067018,-0.10059,0.082951
0,0.7,-1.7584,0.056429,0.069554,0.31902,0.3699,-0.24308,-0.067022,-0.1006,0.077025
0,0.7,-1.6956,0.065266,0.054616,0.33567,0.35319,-0.24329,-0.067026,-0.10061,0.070704
0,0.7,-1.6328,0.072628,0.038639,0.35265,0.33829,-0.2435,-0.067031,-0.10062,0.064013
0,0.7,-1.57,0.078757,0.02159,0.37013,0.32481,-0.24368,-0.067035,-0.10065,0.056992
0,0.7,-1.5072,0.083856,0.0034069,0.38827,0.31242,-0.24376,-0.067039,-0.1007,0.049699
0,0.7,-1.4444,0.088106,-0.016001,0.40724,0.3008,-0.24364,-0.067042,-0.10079,0.04221
0,0.7,-1.3816,0.091681,-0.036753,0.42721,0.28962,-0.24319,-0.067046,-0.10096,0.034627
0,0.7,-1.3188,0.094775,-0.058999,0.44833,0.27852,-0.24227,-0.067051,-0.10125,0.027073
0,0.7,-1.256,0.097656,-0.08292,0.47074,0.26703,-0.24078,-0.067059,-0.10178,0.019694
0,0.7,-1.1932,0.10076,-0.10874,0.49449,0.25451,-0.23878,-0.067074,-0.1027,0.012658
0,0.7,-1.1304,0.10487,-0.13672,0.51954,0.24005,-0.23656,-0.067101,-0.10426,0.0061503
0,0.7,-1.0676,0.11135,-0.16724,0.5456,0.22232,-0.23468,-0.067155,-0.10674,0.00036519
0,0.7,-1.0048,0.12252,-0.20083,0.57216,0.19951,-0.23382,-0.067258,-0.11029,-0.0045017
0,0.7,-0.942,0.14184,-0.23833,0.59864,0.16958,-0.23453,-0.067451,-0.11438,-0.0082672
0,0.7,-0.8792,0.17319,-0.28102,0.62496,0.13116,-0.23707,-0.067803,-0.11721,-0.010775
0,0.7,-0.8164,0.21856,-0.33031,0.6525,0.085373,-0.24132,-0.06843,-0.11624,-0.01191
0,0.7,-0.7536,0.27426,-0.38618,0.6838,0.037585,-0.24693,-0.069513,-0.11076,-0.011614
0,0.7,-0.6908,0.32882,-0.44268,0.7178,-0.0026323,-0.25342,-0.071297,-0.10318,-0.0098979
0,0.7,-0.628,0.36396,-0.47878,0.7388,-0.022878,-0.26025,-0.074056,-0.096502,-0.006845
0,0.7,-0.5652,0.35954,-0.44898,0.70546,-0.010822,-0.26695,-0.077944,-0.091988,-0.0026133
0,0.7,-0.5024,0.31168,-0.31209,0.57787,0.033361,-0.27312,-0.082778,-0.089369,0.0025731
0,0.7,-0.4396,0.25187,-0.12093,0.40576,0.085655,-0.27844,-0.08793,-0.087961,0.0084389
0,0.7,-0.3768,0.20909,0.010489,0.29863,0.12841,-0.28272,-0.092568,-0.087196,0.014678
0,0.7,-0.314,0.18218,0.06372,0.26872,0.16385,-0.28583,-0.096094,-0.086706,0.020976
0,0.7,-0.2512,0.17013,0.088867,0.25903,0.18754,-0.28772,-0.098357,-0.086241,0.027034
0,0.7,-0.1884,0.17147,0.11082,0.24485,0.19687,-0.2884,-0.099524,-0.08559,0.032591
0,0.7,-0.1256,0.17996,0.1308,0.22842,0.19672,-0.28793,-0.099863,-0.0845,0.037434
0,0.7,-0.0628,0.19109,0.14749,0.21282,0.19161,-0.28638,-0.099612,-0.082621,0.041413
0,0.7,-4.4409e-16,0.20332,0.16085,0.19833,0.1835,-0.28385,-0.098942,-0.07951,0.044437
0,0.7,0.0628,0.21664,0.17119,0.18427,0.17291,-0.28045,-0.097967,-0.074793,0.046477
0,0.7,0.1256,0.23158,0.17856,0.17016,0.1598,-0.2763,-0.096761,-0.068537,0.047552
0,0.7,0.1884,0.24856,0.18256,0.15612,0.14405,-0.27153,-0.095379,-0.061577,0.047725
0,0.7,0.2512,0.26735,0.18226,0.14303,0.12567,-0.26631,-0.093872,-0.055207,0.047087
0,0.7,0.314,0.28636,0.17692,0.13236,0.10502,-0.26079,-0.09229,-0.050363,0.045747
0,0.7,0.3768,0.3027,0.16764,0.12523,0.082663,-0.25517,-0.09069,-0.047213,0.043825
0,0.7,0.4396,0.31575,0.15836,0.12126,0.058081,-0.24963,-0.08914,-0.04543,0.04144
0,0.7,0.5024,0.33407,0.15145,0.12027,0.027907,-0.24439,-0.087714,-0.044594,0.038707
0,0.7,0.5652,0.37216,0.14237,0.12645,-0.01128,-0.23962,-0.086488,-0.044385,0.035731
0,0.7,0.628,0.43127,0.12706,0.14484,-0.055009,-0.23552,-0.085535,-0.044609,0.032605
0,0.7,0.6908,0.49188,0.11181,0.17206,-0.090544,-0.2322,-0.084919,-0.045167,0.029409
0,0.7,0.7536,0.53197,0.10686,0.19757,-0.10811,-0.22974,-0.08468,-0.046019,0.02621
0,0.7,0.8164,0.54498,0.11555,0.21363,-0.10812,-0.22812,-0.084821,-0.047151,0.023063
0,0.7,0.8792,0.53737,0.13434,0.2192,-0.096902,-0.22724,-0.08527,-0.048554,0.020012
0,0.7,0.942,0.51832,0.15827,0.21677,-0.080493,-0.22691,-0.085807,-0.050203,0.017112
0,0.7,1.0048,0.49456,0.18382,0.20919,-0.062567,-0.22692,-0.085885,-0.052046,0.014486
0,0.7,1.0676,0.46986,0.20917,0.19848,-0.04486,-0.22706,-0.08433,-0.054004,0.012644
0,0.7,1.1304,0.44607,0.23359,0.18585,-0.028023,-0.22718,-0.07932,-0.055977,0.013694
0,0.7,1.1932,0.42396,0.25694,0.17189,-0.012197,-0.22718,-0.070205,-0.057863,0.02242
0,0.7,1.256,0.40379,0.27934,0.15687,0.002682,-0.22704,-0.060426,-0.05958,0.035118
0,0.7,1.3188,0.38556,0.301,0.14084,0.016742,-0.22675,-0.054399,-0.061073,0.040302
0,0.7,1.3816,0.3692,0.32221,0.12374,0.030112,-0.22635,-0.052506,-0.062326,0.040368
0,0.7,1.4444,0.35462,0.34323,0.1054,0.042898,-0.22588,-0.052975,-0.063367,0.039141
0,0.7,1.5072,0.34171,0.36435,0.085618,0.055177,-0.22536,-0.054423,-0.064369,0.037753
0,0.7,1.57,0.3304,0.38586,0.064101,0.066994,-0.22483,-0.056168,-0.066279,0.036442
0,0.7,1.6328,0.32066,0.40804,0.04052,0.078359,-0.22431,-0.05792,-0.073981,0.035249
0,0.7,1.6956,0.31247,0.43112,0.014501,0.089243,-0.22382,-0.059556,-0.098055,0.034174
0,0.7,1.7584,0.3059,0.45524,-0.014326,0.099556,-0.22335,-0.061015,-0.1219,0.03321
0,0.7,1.8212,0.3011,0.48027,-0.046222,0.1091,-0.22292,-0.062251,-0.12922,0.032348
0,0.7,1.884,0.29832,0.50558,-0.081094,0.1175,-0.22253,-0.063205,-0.13064,0.031579
0,0.7,1.9468,0.29799,0.52945,-0.11798,0.12398,-0.22218,-0.06378,-0.13095,0.030897
0,0.7,2.0096,0.30069,0.5482,-0.15407,0.1271,-0.22187,-0.063815,-0.13105,0.030292
0,0.7,2.0724,0.30712,0.5548,-0.183,0.12429,-0.22159,-0.063052,-0.13111,0.029757
0,0.7,2.1352,0.31765,0.53791,-0.19304,0.11149,-0.22134,-0.061136,-0.13115,0.029286
0,0.7,2.198,0.33131,0.48388,-0.16772,0.084105,-0.22112,-0.05769,-0.13118,0.028873
0,0.7,2.2608,0.34404,0.38616,-0.094469,0.041129,-0.22092,-0.052551,-0.1312,0.028513
0,0.7,2.3236,0.34781,0.25921,0.018611,-0.0077302,-0.22075,-0.046097,-0.13121,0.028199
0,0.7,2.3864,0.33269,0.13925,0.13646,-0.039147,-0.2206,-0.039324,-0.13122,0.027927
0,0.7,2.4492,0.29254,0.06315,0.21727,-0.0262,-0.22047,-0.033372,-0.13123,0.027694
0,0.7,2.512,0.23378,0.04597,0.24152,0.038588,-0.22035,-0.0289,-0.13124,0.027494
0,0.7,2.5748,0.17815,0.073776,0.22321,0.12608,-0.22025,-0.025935,-0.13124,0.027325
0,0.7,2.6376,0.14596,0.11846,0.19144,0.1939,-0.22016,-0.024148,-0.13125,0.027183
0,0.7,2.7004,0.14031,0.16093,0.16406,0.22424,-0.22008,-0.023151,-0.13125,0.027067
0,0.7,2.7632,0.15307,0.19545,0.14464,0.22419,-0.22002,-0.022636,-0.13125,0.026972
0,0.7,2.826,0.17431,0.22137,0.132,0.2087,-0.21995,-0.022398,-0.13125,0.026897
0,0.7,2.8888,0.19566,0.23872,0.12499,0.19109,-0.2199,-0.022313,-0.13125,0.026839
0,0.7,2.9516,0.21173,0.2484,0.12255,0.17878,-0.21985,-0.022308,-0.13125,0.026798
0,0.7,3.0144,0.22079,0.25244,0.12326,0.17308,-0.21981,-0.022341,-0.13125,0.026771
0,0.7,3.0772,0.22345,0.25294,0.12576,0.1722,-0.21978,-0.022391,-0.13125,0.026756
0,0.7,3.14,0.22108,0.25134,0.12892,0.17405,-0.21975,-0.022446,-0.13125,0.026753
0,0.8,-3.14,0.20625,0.24889,0.12843,0.1821,-0.24271,-0.066971,-0.10059,0.13592
0,0.8,-3.0772,0.20133,0.24687,0.12949,0.18442,-0.2427,-0.066972,-0.10059,0.13533
0,0.8,-3.0144,0.19328,0.24425,0.12869,0.18827,-0.24269,-0.066972,-0.10059,0.13467
0,0.8,-2.9516,0.18255,0.24194,0.1246,0.19358,-0.24267,-0.066973,-0.10059,0.13393
0,0.8,-2.8888,0.16905,0.24098,0.11605,0.20034,-0.24265,-0.066973,-0.10059,0.13311
0,0.8,-2.826,0.15173,0.24137,0.10395,0.20818,-0.24263,-0.066974,-0.10059,0.13218
0,0.8,-2.7632,0.12722,0.23771,0.095295,0.21797,-0.24262,-0.066975,-0.10059,0.13114
0,0.8,-2.7004,0.087504,0.21369,0.10604,0.24002,-0.2426,-0.066976,-0.10059,0.12998
0,0.8,-2.6376,0.024686,0.15327,0.14899,0.30232,-0.24258,-0.066977,-0.10059,0.12869
0,0.8,-2.5748,-0.047491,0.08275,0.2017,0.42064,-0.24256,-0.066978,-0.10059,0.12725
0,0.8,-2.512,-0.095068,0.059913,0.21862,0.5447,-0.24255,-0.06698,-0.10059,0.12564
0,0.8,-2.4492,-0.11137,0.082162,0.20263,0.61774,-0.24254,-0.066981,-0.10059,0.12385
0,0.8,-2.3864,-0.10997,0.1106,0.18575,0.63901,-0.24253,-0.066983,-0.10059,0.12187
0,0.8,-2.3236,-0.098057,0.12845,0.1818,0.62735,-0.24254,-0.066985,-0.10059,0.11967
0,0.8,-2.2608,-0.079085,0.13599,0.18919,0.59818,-0.24255,-0.066987,-0.10059,0.11724
0,0.8,-2.198,-0.056639,0.13675,0.20289,0.56201,-0.24257,-0.066989,-0.10059,0.11456
0,0.8,-2.1352,-0.033802,0.13329,0.2192,0.5251,-0.24262,-0.066992,-0.10059,0.1116
0,0.8,-2.0724,-0.012473,0.12701,0.2362,0.4906,-0.24268,-0.066995,-0.10059,0.10835
0,0.8,-2.0096,0.0064992,0.11868,0.2531,0.45966,-0.24276,-0.066998,-0.10059,0.10478
0,0.8,-1.9468,0.022907,0.10871,0.26967,0.43244,-0.24286,-0.067002,-0.10059,0.10087
0,0.8,-1.884,0.036871,0.09738,0.28594,0.40865,-0.24299,-0.067006,-0.10059,0.096607
0,0.8,-1.8212,0.048642,0.084848,0.30205,0.38783,-0.24312,-0.06701,-0.1006,0.091973
0,0.8,-1.7584,0.058512,0.071217,0.31816,0.36952,-0.24324,-0.067015,-0.1006,0.086957
0,0.8,-1.6956,0.066757,0.056539,0.33443,0.35328,-0.2433,-0.06702,-0.10061,0.081551
0,0.8,-1.6328,0.073631,0.040829,0.35101,0.33872,-0.24325,-0.067025,-0.10064,0.075761
0,0.8,-1.57,0.079351,0.024066,0.36808,0.32549,-0.24298,-0.06703,-0.10068,0.0696
0,0.8,-1.5072,0.084106,0.0062028,0.38576,0.31329,-0.24237,-0.067036,-0.10075,0.063099
0,0.8,-1.4444,0.088065,-0.012839,0.40422,0.30182,-0.24126,-0.067043,-0.10088,0.056308
0,0.8,-1.3816,0.091386,-0.033164,0.4236,0.29079,-0.23953,-0.06705,-0.10113,0.049297
0,0.8,-1.3188,0.09425,-0.054901,0.44404,0.27985,-0.2372,-0.067058,-0.10157,0.042165
0,0.8,-1.256,0.096902,-0.078208,0.46563,0.26859,-0.23449,-0.067068,-0.10235,0.035036
0,0.8,-1.1932,0.09974,-0.10327,0.48843,0.25643,-0.23193,-0.067083,-0.10372,0.028061
0,0.8,-1.1304,0.10345,-0.13032,0.51237,0.24255,-0.23021,-0.067106,-0.10601,0.021415
0,0.8,-1.0676,0.10925,-0.15964,0.53719,0.22577,-0.22998,-0.067145,-0.10957,0.015294
0,0.8,-1.0048,0.11916,-0.19167,0.56243,0.20453,-0.23163,-0.067212,-0.11441,0.0099004
0,0.8,-0.942,0.13613,-0.22706,0.58756,0.17703,-0.23518,-0.067331,-0.11942,0.0054349
0,0.8,-0.8792,0.16356,-0.26681,0.61246,0.14203,-0.24039,-0.067542,-0.12185,0.0020782
0,0.8,-0.8164,0.20329,-0.31198,0.63813,0.10039,-0.24684,-0.067915,-0.11904,-2.453e-05
0,0.8,-0.7536,0.25258,-0.36239,0.66647,0.056568,-0.25403,-0.068565,-0.11154,-0.00078062
0,0.8,-0.6908,0.3021,-0.41305,0.69662,0.018718,-0.26148,-0.06967,-0.10291,-0.00016337
0,0.8,-0.628,0.33689,-0.44732,0.71662,-0.0028077,-0.26875,-0.071478,-0.096081,0.0017791
0,0.8,-0.5652,0.34069,-0.42993,0.69447,0.0017568,-0.27544,-0.074262,-0.091719,0.004922
0,0.8,-0.5024,0.30793,-0.32305,0.59287,0.033622,-0.28129,-0.078188,-0.089258,0.0090697
0,0.8,-0.4396,0.25873,-0.15151,0.43426,0.076764,-0.2861,-0.083088,-0.087954,0.013969
0,0.8,-0.3768,0.21915,-0.01147,0.31274,0.11511,-0.28974,-0.088351,-0.087265,0.01933
0,0.8,-0.314,0.19256,0.054075,0.26805,0.14855,-0.29219,-0.093145,-0.086856,0.024847
0,0.8,-0.2512,0.17758,0.08136,0.2573,0.17412,-0.29345,-0.096861,-0.086524,0.030224
0,0.8,-0.1884,0.1747,0.10152,0.24666,0.18719,-0.29356,-0.099335,-0.086111,0.035195
0,0.8,-0.1256,0.18017,0.1203,0.2323,0.18993,-0.29261,-0.10073,-0.085445,0.039542
0,0.8,-0.0628,0.18977,0.13664,0.21722,0.18644,-0.29066,-0.10131,-0.084283,0.043104
0,0.8,-4.4409e-16,0.20134,0.14995,0.20269,0.17918,-0.28781,-0.10131,-0.082271,0.045781
0,0.8,0.0628,0.21426,0.16019,0.18869,0.16914,-0.28415,-0.10091,-0.078964,0.04753
0,0.8,0.1256,0.22857,0.16726,0.17509,0.15659,-0.27979,-0.1002,-0.074018,0.048361
0,0.8,0.1884,0.24427,0.1708,0.16213,0.14161,-0.27481,-0.099267,-0.067585,0.048326
0,0.8,0.2512,0.26077,0.17023,0.15059,0.12432,-0.26935,-0.098141,-0.060588,0.047509
0,0.8,0.314,0.27654,0.16559,0.14145,0.10495,-0.26353,-0.096857,-0.054319,0.046012
0,0.8,0.3768,0.2899,0.15866,0.13515,0.083508,-0.25749,-0.095446,-0.049617,0.04395
0,0.8,0.4396,0.30275,0.15254,0.13131,0.058635,-0.2514,-0.093944,-0.046561,0.041437
0,0.8,0.5024,0.32431,0.14754,0.13086,0.027141,-0.24543,-0.092391,-0.044784,0.038586
0,0.8,0.5652,0.36501,0.13935,0.13797,-0.012355,-0.23974,-0.090836,-0.043864,0.035499
0,0.8,0.628,0.42219,0.12623,0.15574,-0.053891,-0.23451,-0.089316,-0.043484,0.032269
0,0.8,0.6908,0.47782,0.11451,0.18007,-0.086031,-0.2299,-0.087834,-0.043453,0.028974
0,0.8,0.7536,0.51419,0.11224,0.20214,-0.10125,-0.22604,-0.086282,-0.043671,0.02568
0,0.8,0.8164,0.52658,0.12165,0.21589,-0.10059,-0.22304,-0.084272,-0.044099,0.022443
0,0.8,0.8792,0.52055,0.13978,0.22053,-0.089722,-0.22096,-0.080828,-0.044731,0.019312
0,0.8,0.942,0.50389,0.16255,0.21804,-0.073973,-0.21978,-0.074274,-0.045582,0.016353
0,0.8,1.0048,0.48251,0.18697,0.21077,-0.056677,-0.2194,-0.063743,-0.046671,0.01377
0,0.8,1.0676,0.45989,0.21143,0.20046,-0.039477,-0.21967,-0.052276,-0.048011,0.012426
0,0.8,1.1304,0.4378,0.23522,0.18818,-0.023032,-0.22034,-0.044575,-0.049594,0.015504
0,0.8,1.1932,0.41707,0.25814,0.1745,-0.0075134,-0.22121,-0.041503,-0.051386,0.026946
0,0.8,1.256,0.39801,0.28026,0.15969,0.0071126,-0.22206,-0.041347,-0.053319,0.037466
0,0.8,1.3188,0.38071,0.30174,0.14384,0.02095,-0.22277,-0.042606,-0.055301,0.040064
0,0.8,1.3816,0.36513,0.3228,0.12689,0.034112,-0.22328,-0.044494,-0.05723,0.039301
0,0.8,1.4444,0.3512,0.3437,0.10871,0.046689,-0.22357,-0.046645,-0.05902,0.037847
0,0.8,1.5072,0.33886,0.36468,0.089107,0.058747,-0.22367,-0.048879,-0.060634,0.036369
0,0.8,1.57,0.32806,0.38602,0.067832,0.070318,-0.22362,-0.0511,-0.062226,0.034997
0,0.8,1.6328,0.31876,0.40798,0.044576,0.0814,-0.22345,-0.053248,-0.064931,0.03375
0,0.8,1.6956,0.31099,0.43076,0.018997,0.091947,-0.22322,-0.055283,-0.074518,0.032623
0,0.8,1.7584,0.30481,0.45449,-0.0092419,0.10185,-0.22294,-0.057177,-0.1007,0.031609
0,0.8,1.8212,0.30037,0.47904,-0.040374,0.11089,-0.22265,-0.058908,-0.12271,0.030699
0,0.8,1.884,0.29795,0.50384,-0.074315,0.11865,-0.22235,-0.060454,-0.12897,0.029883
0,0.8,1.9468,0.29798,0.52732,-0.11022,0.12438,-0.22207,-0.061792,-0.13028,0.029153
0,0.8,2.0096,0.30102,0.54621,-0.14563,0.12667,-0.2218,-0.062878,-0.13065,0.028502
0,0.8,2.0724,0.30777,0.55433,-0.1751,0.12312,-0.22155,-0.063642,-0.13083,0.027922
0,0.8,2.1352,0.31856,0.54156,-0.18851,0.11007,-0.22132,-0.06396,-0.13095,0.027406
0,0.8,2.198,0.33241,0.49503,-0.17109,0.083441,-0.22111,-0.063625,-0.13103,0.026948
0,0.8,2.2608,0.34522,0.40621,-0.10951,0.042332,-0.22093,-0.062329,-0.13109,0.026543
0,0.8,2.3236,0.34856,0.28387,-0.0062309,-0.0041911,-0.22076,-0.059688,-0.13114,0.026185
0,0.8,2.3864,0.33194,0.16,0.11014,-0.033537,-0.22061,-0.05539,-0.13117,0.025869
0,0.8,2.4492,0.28979,0.074178,0.19796,-0.019608,-0.22048,-0.049502,-0.13119,0.025591
0,0.8,2.512,0.23003,0.046984,0.2326,0.04381,-0.22036,-0.042735,-0.13121,0.025347
0,0.8,2.5748,0.17373,0.067838,0.22275,0.12931,-0.22026,-0.03624,-0.13122,0.025133
0,0.8,2.6376,0.1393,0.10942,0.19512,0.1982,-0.22017,-0.030977,-0.13123,0.024946
0,0.8,2.7004,0.13001,0.1512,0.16885,0.23259,-0.22009,-0.027276,-0.13124,0.024784
0,0.8,2.7632,0.13885,0.18575,0.14964,0.23713,-0.22002,-0.024942,-0.13124,0.024644
0,0.8,2.826,0.15686,0.21206,0.137,0.22477,-0.21996,-0.023588,-0.13124,0.024522
0,0.8,2.8888,0.1765,0.23047,0.12957,0.20771,-0.21991,-0.022859,-0.13125,0.024419
0,0.8,2.9516,0.1926,0.24181,0.12616,0.19367,-0.21986,-0.0225,-0.13125,0.02433
0,0.8,3.0144,0.20285,0.24758,0.1256,0.18529,-0.21982,-0.022349,-0.13125,0.024255
0,0.8,3.0772,0.20716,0.24949,0.1267,0.18195,-0.21978,-0.022309,-0.13125,0.024193
0,0.8,3.14,0.2064,0.24896,0.12835,0.18203,-0.21975,-0.022325,-0.13125,0.024141
0,0.9,-3.14,0.18731,0.24351,0.12845,0.19638,-0.24272,-0.06697,-0.10059,0.13714
0,0.9,-3.0772,0.18337,0.24242,0.12785,0.19801,-0.24271,-0.066971,-0.10059,0.13676
0,0.9,-3.0144,0.17578,0.24058,0.12537,0.20207,-0.2427,-0.066971,-0.10059,0.13633
0,0.9,-2.9516,0.16472,0.23878,0.11994,0.20842,-0.24268,-0.066971,-0.10059,0.13586
0,0.9,-2.8888,0.14975,0.23744,0.11124,0.21707,-0.24267,-0.066972,-0.10059,0.13534
0,0.9,-2.826,0.12921,0.2349,0.10165,0.22841,-0.24266,-0.066972,-0.10059,0.13476
0,0.9,-2.7632,0.099062,0.22381,0.099086,0.2458,-0.24264,-0.066973,-0.10059,0.13411
0,0.9,-2.7004,0.052923,0.18989,0.11679,0.28151,-0.24263,-0.066974,-0.10059,0.13339
0,0.9,-2.6376,-0.0099322,0.12764,0.1598,0.35619,-0.24262,-0.066975,-0.10059,0.13259
0,0.9,-2.5748,-0.069731,0.069903,0.20277,0.46753,-0.24261,-0.066976,-0.10059,0.1317
0,0.9,-2.512,-0.10174,0.058597,0.21294,0.56722,-0.24261,-0.066977,-0.10059,0.1307
0,0.9,-2.4492,-0.10815,0.081855,0.19931,0.61964,-0.24261,-0.066978,-0.10059,0.12958
0,0.9,-2.3864,-0.10117,0.10832,0.18697,0.63002,-0.24262,-0.066979,-0.10059,0.12833
0,0.9,-2.3236,-0.086462,0.12558,0.18554,0.61428,-0.24264,-0.066981,-0.10059,0.12692
0,0.9,-2.2608,-0.066955,0.13374,0.19336,0.58501,-0.24267,-0.066982,-0.10059,0.12532
0,0.9,-2.198,-0.045432,0.13549,0.20645,0.5506,-0.24271,-0.066984,-0.10059,0.12352
0,0.9,-2.1352,-0.024163,0.13293,0.22184,0.51603,-0.24277,-0.066987,-0.10059,0.12148
0,0.9,-2.0724,-0.0045157,0.12736,0.23795,0.48377,-0.24284,-0.066989,-0.10059,0.11916
0,0.9,-2.0096,0.012908,0.11955,0.25409,0.45472,-0.24291,-0.066992,-0.10059,0.11652
0,0.9,-1.9468,0.027985,0.10999,0.27003,0.42902,-0.24299,-0.066995,-0.10059,0.11353
0,0.9,-1.884,0.040839,0.098989,0.28577,0.4064,-0.24303,-0.066998,-0.10059,0.11013
0,0.9,-1.8212,0.051697,0.08674,0.30142,0.38649,-0.24302,-0.067002,-0.1006,0.10628
0,0.9,-1.7584,0.060816,0.073374,0.31711,0.36886,-0.24287,-0.067006,-0.10061,0.10195
0,0.9,-1.6956,0.068444,0.058961,0.33296,0.35314,-0.24249,-0.067011,-0.10063,0.097105
0,0.9,-1.6328,0.074808,0.043531,0.34914,0.33896,-0.24176,-0.067016,-0.10066,0.091724
0,0.9,-1.57,0.080103,0.027078,0.36576,0.32603,-0.24051,-0.067021,-0.10071,0.085805
0,0.9,-1.5072,0.084503,0.0095643,0.38296,0.31405,-0.23861,-0.067027,-0.10082,0.079365
0,0.9,-1.4444,0.088159,-0.0090725,0.40088,0.30277,-0.23603,-0.067034,-0.10102,0.072447
0,0.9,-1.3816,0.091218,-0.02892,0.41964,0.29191,-0.23292,-0.067041,-0.10137,0.065125
0,0.9,-1.3188,0.093843,-0.050086,0.43934,0.28117,-0.22974,-0.06705,-0.10202,0.057504
0,0.9,-1.256,0.096258,-0.072701,0.46009,0.27016,-0.22719,-0.06706,-0.10316,0.049721
0,0.9,-1.1932,0.098813,-0.096914,0.48189,0.25838,-0.22597,-0.067074,-0.10514,0.041949
0,0.9,-1.1304,0.10212,-0.1229,0.50469,0.2451,-0.22659,-0.067093,-0.10841,0.034385
0,0.9,-1.0676,0.10722,-0.15089,0.52824,0.2293,-0.2292,-0.067121,-0.11332,0.027249
0,0.9,-1.0048,0.11583,-0.1812,0.55214,0.20961,-0.23369,-0.067166,-0.11952,0.020773
0,0.9,-0.942,0.13048,-0.21432,0.57592,0.1845,-0.23971,-0.067241,-0.12496,0.015183
0,0.9,-0.8792,0.15404,-0.251,0.59942,0.15286,-0.24684,-0.067369,-0.12603,0.010687
0,0.9,-0.8164,0.18825,-0.292,0.62336,0.11525,-0.2546,-0.067591,-0.12068,0.0074559
0,0.9,-0.7536,0.23122,-0.33708,0.64909,0.075247,-0.26254,-0.067975,-0.11125,0.0056057
0,0.9,-0.6908,0.27566,-0.38222,0.67601,0.039578,-0.27026,-0.068637,-0.10203,0.0051845
0,0.9,-0.628,0.30968,-0.41468,0.69526,0.016723,-0.2774,-0.069751,-0.095348,0.0061627
0,0.9,-0.5652,0.32027,-0.40778,0.68273,0.014423,-0.2837,-0.071566,-0.091288,0.0084306
0,0.9,-0.5024,0.30118,-0.32868,0.60556,0.034694,-0.28895,-0.074357,-0.089053,0.011803
0,0.9,-0.4396,0.26359,-0.18182,0.46605,0.067921,-0.29307,-0.078297,-0.087881,0.016034
0,0.9,-0.3768,0.22843,-0.03917,0.33553,0.10114,-0.29602,-0.083237,-0.087272,0.020833
0,0.9,-0.314,0.20304,0.040334,0.27255,0.13189,-0.29779,-0.088578,-0.08693,0.025894
0,0.9,-0.2512,0.1866,0.073161,0.25566,0.15804,-0.29845,-0.093493,-0.086685,0.030912
0,0.9,-0.1884,0.18011,0.092401,0.2472,0.17436,-0.29806,-0.097362,-0.086419,0.035613
0,0.9,-0.1256,0.18212,0.10951,0.23565,0.18047,-0.29669,-0.10001,-0.086015,0.039766
0,0.9,-0.0628,0.18942,0.12495,0.22201,0.17934,-0.29443,-0.10158,-0.085314,0.043196
0,0.9,-4.4409e-16,0.1996,0.13783,0.20809,0.17355,-0.29136,-0.10236,-0.084071,0.045789
0,0.9,0.0628,0.21152,0.14776,0.19458,0.16451,-0.28755,-0.10257,-0.081921,0.047492
0,0.9,0.1256,0.22471,0.15448,0.18175,0.15283,-0.28308,-0.1024,-0.078418,0.048303
0,0.9,0.1884,0.23875,0.15772,0.16997,0.1388,-0.27802,-0.10194,-0.073255,0.048265
0,0.9,0.2512,0.25284,0.15736,0.15982,0.12256,-0.27248,-0.10126,-0.066675,0.047454
0,0.9,0.314,0.26582,0.15409,0.15181,0.10416,-0.26656,-0.10039,-0.059681,0.045966
0,0.9,0.3768,0.27749,0.14988,0.14598,0.083045,-0.26036,-0.099346,-0.053551,0.043913
0,0.9,0.4396,0.29157,0.14664,0.14235,0.057424,-0.25402,-0.098116,-0.049027,0.041407
0,0.9,0.5024,0.3166,0.14324,0.14262,0.024872,-0.24768,-0.096658,-0.046105,0.038557
0,0.9,0.5652,0.35896,0.13626,0.15043,-0.014044,-0.24148,-0.094836,-0.044391,0.035467
0,0.9,0.628,0.41322,0.12575,0.16715,-0.052558,-0.23557,-0.092268,-0.043464,0.032229
0,0.9,0.6908,0.46349,0.11758,0.18844,-0.080879,-0.23009,-0.088049,-0.043015,0.028921
0,0.9,0.7536,0.49599,0.11782,0.20711,-0.093559,-0.22518,-0.080567,-0.042859,0.02561
0,0.9,0.8164,0.50755,0.12791,0.21856,-0.092117,-0.22096,-0.06874,-0.042892,0.022354
0,0.9,0.8792,0.50289,0.14541,0.22217,-0.081536,-0.21752,-0.055183,-0.043069,0.019207
0,0.9,0.942,0.48852,0.16704,0.21951,-0.066449,-0.21494,-0.044846,-0.043378,0.016267
0,0.9,1.0048,0.4695,0.19033,0.21246,-0.049822,-0.21328,-0.039201,-0.043826,0.013869
0,0.9,1.0676,0.44899,0.21385,0.20248,-0.033184,-0.21251,-0.036753,-0.044435,0.013451
0,0.9,1.1304,0.42868,0.23694,0.19053,-0.017188,-0.21257,-0.036021,-0.045234,0.019314
0,0.9,1.1932,0.40941,0.25936,0.17713,-0.0020296,-0.21331,-0.036234,-0.046253,0.032112
0,0.9,1.256,0.39156,0.28112,0.16256,0.012295,-0.21453,-0.037049,-0.047514,0.039538
0,0.9,1.3188,0.37526,0.30233,0.14689,0.025865,-0.21599,-0.038305,-0.04902,0.040327
0,0.9,1.3816,0.36052,0.32319,0.13012,0.038775,-0.21747,-0.039902,-0.050748,0.03908
0,0.9,1.4444,0.34732,0.3439,0.11213,0.0511,-0.21881,-0.041761,-0.052645,0.037505
0,0.9,1.5072,0.33561,0.36469,0.092756,0.062894,-0.21991,-0.043806,-0.054629,0.035981
0,0.9,1.57,0.32535,0.38581,0.071765,0.074176,-0.22074,-0.045965,-0.056638,0.034579
0,0.9,1.6328,0.31655,0.40748,0.04888,0.08493,-0.2213,-0.048174,-0.058805,0.033306
0,0.9,1.6956,0.30922,0.42991,0.023789,0.095096,-0.22164,-0.050375,-0.062466,0.032156
0,0.9,1.7584,0.30344,0.4532,-0.003815,0.10455,-0.2218,-0.05252,-0.074304,0.031119
0,0.9,1.8212,0.29939,0.47724,-0.034147,0.11304,-0.22184,-0.05457,-0.10237,0.030186
0,0.9,1.884,0.29733,0.50151,-0.067144,0.12016,-0.22178,-0.056495,-0.12256,0.029348
0,0.9,1.9468,0.29769,0.52462,-0.10209,0.12513,-0.22167,-0.058273,-0.1281,0.028597
0,0.9,2.0096,0.30105,0.54373,-0.13692,0.12664,-0.22152,-0.059882,-0.12949,0.027926
0,0.9,2.0724,0.30804,0.55347,-0.16707,0.12245,-0.22136,-0.0613,-0.13004,0.027326
0,0.9,2.1352,0.319,0.54497,-0.18403,0.1093,-0.2212,-0.062495,-0.13038,0.02679
0,0.9,2.198,0.333,0.50634,-0.17483,0.08357,-0.22103,-0.063413,-0.13062,0.026313
0,0.9,2.2608,0.346,0.42757,-0.12594,0.044445,-0.22088,-0.063958,-0.13079,0.025889
0,0.9,2.3236,0.34944,0.31195,-0.034725,0.00020903,-0.22073,-0.063969,-0.13092,0.025512
0,0.9,2.3864,0.33217,0.1859,0.077716,-0.027574,-0.22059,-0.063191,-0.13101,0.025178
0,0.9,2.4492,0.28864,0.090049,0.17182,-0.013424,-0.22047,-0.061267,-0.13108,0.024882
0,0.9,2.512,0.22772,0.051099,0.21795,0.048406,-0.22036,-0.05782,-0.13112,0.02462
