0,0,0,0,-0.30395,-0.42097,-0.35785,-1.298
0,0,-3.14,0.23277,0.049058,-0.39638,-0.35781,-1.2968
0,0,-3.14,0.23277,0.049058,-0.37135,-0.35777,-1.2955
0,0,-3.14,0.23277,0.049058,-0.34591,-0.35773,-1.2941
0,0,-3.14,0.23277,0.049058,-0.32008,-0.35768,-1.2927
0,0,-3.14,0.23277,0.049058,-0.2939,-0.35762,-1.2911
0,0,-3.14,0.23277,0.049058,-0.2674,-0.35756,-1.2894
0,0,-3.14,0.23277,0.049058,-0.2406,-0.35749,-1.2877
0,0,-3.14,0.23277,0.049058,-0.21355,-0.3574,-1.2858
0,0,-3.14,0.23277,0.049058,-0.18626,-0.35731,-1.2837
0,0,-3.14,0.23277,0.049058,-0.15877,-0.3572,-1.2816
0,0,-3.14,0.23277,0.049058,-0.13111,-0.35708,-1.2792
0,0,-3.14,0.23277,0.049058,-0.10329,-0.35694,-1.2766
0,0,-3.14,0.23277,0.049058,-0.075355,-0.35678,-1.2737
0,0,-3.14,0.23277,0.049058,-0.047313,-0.3566,-1.2705
0,0,-3.14,0.23277,0.049058,-0.019189,-0.3564,-1.2669
0,0,-3.14,0.23277,0.049058,0.0089994,-0.35617,-1.2627
0,0,-3.14,0.23277,0.049058,0.037237,-0.35591,-1.2577
0,0,-3.14,0.23277,0.049058,0.065514,-0.35562,-1.2517
0,0,-3.14,0.23277,0.049058,0.093823,-0.35529,-1.244
0,0,-3.14,0.23277,0.049058,0.12216,-0.35491,-1.2342
0,0,-3.14,0.23277,0.049058,0.15053,-0.3545,-1.2212
0,0,-3.14,0.23277,0.049058,0.17895,-0.35405,-1.2036
0,0,-3.14,0.23277,0.049058,0.20743,-0.35356,-1.1796
0,0,-3.14,0.23277,0.049058,0.23599,-0.35306,-1.1463
0,0,-3.14,0.23277,0.049058,0.26467,-0.35259,-1.1003
0,0,-3.14,0.23277,0.049058,0.29351,-0.3522,-1.0373
0,0,-3.14,0.23277,0.049058,0.32257,-0.35202,-0.95261
0,0,-3.14,0.23277,0.049058,0.35191,-0.35225,-0.84248
0,0,-3.14,0.23277,0.049058,0.38161,-0.35322,-0.70668
0,0,-3.14,0.23277,0.049058,0.41176,-0.3555,-0.55193
0,0,-3.14,0.23277,0.049058,0.44246,-0.35992,-0.39563
0,0,-3.14,0.23277,0.049058,0.47382,-0.36775,-0.26673
0,0,-3.14,0.23277,0.049058,0.50593,-0.38068,-0.20058
0,0,-3.14,0.23277,0.049058,0.53883,-0.40057,-0.22452
0,0,-3.14,0.23277,0.049058,0.57229,-0.42824,-0.33057
0,0,-3.14,0.23277,0.049058,0.60466,-0.46036,-0.43246
0,0,-3.14,0.23277,0.049058,0.62711,-0.48362,-0.34107
0,0,-3.14,0.23277,0.049058,0.60203,-0.47149,0.0722
0,0,-3.14,0.23277,0.049058,0.4764,-0.40365,0.53865
0,0,-3.14,0.23277,0.049058,0.36785,-0.30397,0.68147
0,0,-3.14,0.23277,0.049058,0.34379,-0.21203,0.53066
0,0,-2.512,-0.029079,0.047922,0.32319,-0.12114,0.28809
0,0,-2.512,-0.029079,0.047922,0.22267,-0.0034397,0.072026
0,0,-2.512,-0.029079,0.047922,-0.070905,0.14615,-0.08606
0,0,-2.512,-0.029079,0.047922,-0.54002,0.30551,-0.19217
0,0,-2.512,-0.029079,0.047922,-0.68013,0.44486,-0.26069
0,0,-2.512,-0.029079,0.047922,-0.47429,0.53561,-0.304
0,0,-2.512,-0.029079,0.047922,-0.33645,0.50705,-0.33084
0,0,-2.512,-0.029079,0.047922,-0.12884,0.22782,-0.34718
0,0,-2.512,-0.029079,0.047922,0.30125,-0.24179,-0.35745
0,0,-2.512,-0.029079,0.047922,0.8781,-0.547,-0.3655
0,0,-2.512,-0.029079,0.047922,0.95892,-0.57967,-0.37531
0,0,-2.512,-0.029079,0.047922,0.50009,-0.48294,-0.39148
0,0,-2.512,-0.029079,0.047922,0.23062,-0.36869,-0.41915
0,0,-2.512,-0.029079,0.047922,0.22648,-0.28344,-0.46275
0,0,-2.512,-0.029079,0.047922,0.33147,-0.24532,-0.52306
0,0,-2.512,-0.029079,0.047922,0.47112,-0.26569,-0.5936
0,0,-2.512,-0.029079,0.047922,0.6219,-0.35536,-0.66031
0,0,-2.512,-0.029079,0.047922,0.77566,-0.51779,-0.70697
0,0,-2.512,-0.029079,0.047922,0.92269,-0.7234,-0.72253
0,0,-2.512,-0.029079,0.047922,1.0077,-0.87009,-0.70396
0,0,-2.512,-0.029079,0.047922,0.77844,-0.80866,-0.65392
0,0,-2.512,-0.029079,0.047922,0.35395,-0.54793,-0.57735
0,0,-2.512,-0.029079,0.047922,0.3233,-0.3376,-0.47937
0,0,-2.512,-0.029079,0.047922,0.4344,-0.32209,-0.3648
0,0,-2.512,-0.029079,0.047922,0.5586,-0.42807,-0.23828
0,0,-2.512,-0.029079,0.047922,0.67691,-0.55717,-0.10444
0,0,-2.512,-0.029079,0.047922,0.78677,-0.66455,0.03209
0,0,-2.512,-0.029079,0.047922,0.88776,-0.74084,0.16687
0,0,-2.512,-0.029079,0.047922,0.97987,-0.78953,0.29597
0,0,-2.512,-0.029079,0.047922,1.0633,-0.81673,0.41628
0,0,-2.512,-0.029079,0.047922,1.1383,-0.828,0.52567
0,0,-2.512,-0.029079,0.047922,1.2054,-0.82774,0.62302
0,0,-2.512,-0.029079,0.047922,1.2651,-0.81932,0.70813
0,0,-2.512,-0.029079,0.047922,1.3178,-0.80528,0.78145
0,0,-2.512,-0.029079,0.047922,1.3641,-0.78756,0.84394
0,0,-2.512,-0.029079,0.047922,1.4046,-0.76763,0.89681
0,0,-2.512,-0.029079,0.047922,1.4398,-0.74658,0.94134
0,0,-2.512,-0.029079,0.047922,1.4703,-0.72524,0.97882
0,0,-2.512,-0.029079,0.047922,1.4965,-0.70419,1.0104
0,0,-2.512,-0.029079,0.047922,1.5188,-0.68386,1.0372
0,0,-2.512,-0.029079,0.047922,1.5378,-0.66452,1.0601
0,0,-1.884,0.01664,0.039472,1.5537,-0.64637,1.0798
0,0,-1.884,0.01664,0.039472,1.567,-0.62949,1.097
0,0,-1.884,0.01664,0.039472,1.5778,-0.61392,1.1122
0,0,-1.884,0.01664,0.039472,1.5866,-0.59966,1.1258
0,0,-1.884,0.01664,0.039472,1.5935,-0.58667,1.1382
0,0,-1.884,0.01664,0.039472,1.5988,-0.5749,1.1497
0,0,-1.884,0.01664,0.039472,1.6026,-0.56428,1.1604
0,0,-1.884,0.01664,0.039472,1.6051,-0.55472,1.1705
0,0,-1.884,0.01664,0.039472,1.6066,-0.54615,1.1802
0,0,-1.884,0.01664,0.039472,1.607,-0.53849,1.1895
0,0,-1.884,0.01664,0.039472,1.6066,-0.53165,1.1985
0,0,-1.884,0.01664,0.039472,1.6053,-0.52556,1.2073
0,0,-1.884,0.01664,0.039472,1.6035,-0.52014,1.2158
0,0,-1.884,0.01664,0.039472,1.601,-0.51533,1.2242
0,0,-1.884,0.01664,0.039472,1.598,-0.51107,1.2323
0,0,-1.884,0.01664,0.039472,1.5945,-0.50729,1.2401
0,0,-1.884,0.01664,0.039472,1.5906,-0.50395,1.2478
0,0,-1.884,0.01664,0.039472,1.5863,-0.501,1.2552
0,0,-1.884,0.01664,0.039472,-0.42451,-0.35784,-1.2992
0,0,-1.884,0.01664,0.039472,-0.39971,-0.35781,-1.2981
0,0,-1.884,0.01664,0.039472,-0.37448,-0.35777,-1.2969
0,0,-1.884,0.01664,0.039472,-0.34885,-0.35772,-1.2956
0,0,-1.884,0.01664,0.039472,-0.32284,-0.35767,-1.2942
0,0,-1.884,0.01664,0.039472,-0.2965,-0.35762,-1.2928
0,0,-1.884,0.01664,0.039472,-0.26984,-0.35755,-1.2912
0,0,-1.884,0.01664,0.039472,-0.2429,-0.35748,-1.2895
0,0,-1.884,0.01664,0.039472,-0.21572,-0.35739,-1.2878
0,0,-1.884,0.01664,0.039472,-0.18831,-0.3573,-1.2858
0,0,-1.884,0.01664,0.039472,-0.16071,-0.35719,-1.2838
0,0,-1.884,0.01664,0.039472,-0.13295,-0.35706,-1.2815
0,0,-1.884,0.01664,0.039472,-0.10505,-0.35692,-1.279
0,0,-1.884,0.01664,0.039472,-0.077038,-0.35676,-1.2763
0,0,-1.884,0.01664,0.039472,-0.048933,-0.35658,-1.2732
0,0,-1.884,0.01664,0.039472,-0.020757,-0.35637,-1.2697
0,0,-1.884,0.01664,0.039472,0.007472,-0.35614,-1.2656
0,0,-1.884,0.01664,0.039472,0.035741,-0.35587,-1.2606
0,0,-1.884,0.01664,0.039472,0.064038,-0.35557,-1.2545
0,0,-1.884,0.01664,0.039472,0.092358,-0.35523,-1.2468
0,0,-1.884,0.01664,0.039472,0.1207,-0.35485,-1.2368
0,0,-1.884,0.01664,0.039472,0.14906,-0.35442,-1.2234
0,0,-1.884,0.01664,0.039472,0.17747,-0.35395,-1.2052
0,0,-1.256,0.10161,-0.06059,0.20592,-0.35345,-1.1801
0,0,-1.256,0.10161,-0.06059,0.23445,-0.35294,-1.1454
0,0,-1.256,0.10161,-0.06059,0.26309,-0.35244,-1.0972
0,0,-1.256,0.10161,-0.06059,0.2919,-0.35204,-1.0313
0,0,-1.256,0.10161,-0.06059,0.32091,-0.35185,-0.94273
0,0,-1.256,0.10161,-0.06059,0.3502,-0.3521,-0.82814
0,0,-1.256,0.10161,-0.06059,0.37986,-0.35313,-0.68781
0,0,-1.256,0.10161,-0.06059,0.40997,-0.35553,-0.52957
0,0,-1.256,0.10161,-0.06059,0.44065,-0.36019,-0.37225
0,0,-1.256,0.10161,-0.06059,0.472,-0.36843,-0.24613
0,0,-1.256,0.10161,-0.06059,0.50415,-0.38201,-0.18696
0,0,-1.256,0.10161,-0.06059,0.53714,-0.40278,-0.22086
0,0,-1.256,0.10161,-0.06059,0.57071,-0.43142,-0.33664
0,0,-1.256,0.10161,-0.06059,0.60288,-0.46397,-0.44265
0,0,-1.256,0.10161,-0.06059,0.62285,-0.48589,-0.34543
0,0,-1.256,0.10161,-0.06059,0.58723,-0.46986,0.076248
0,0,-1.256,0.10161,-0.06059,0.4547,-0.39837,0.53995
0,0,-1.256,0.10161,-0.06059,0.36252,-0.29974,0.67675
0,0,-1.256,0.10161,-0.06059,0.3488,-0.2111,0.52672
0,0,-1.256,0.10161,-0.06059,0.33181,-0.12178,0.28875
0,0,-1.256,0.10161,-0.06059,0.2317,-0.0048673,0.076274
0,0,-1.256,0.10161,-0.06059,-0.063498,0.14218,-0.080772
0,0,-1.256,0.10161,-0.06059,-0.53091,0.29686,-0.1877
0,0,-1.256,0.10161,-0.06059,-0.66461,0.43245,-0.25768
0,0,-1.256,0.10161,-0.06059,-0.46635,0.52449,-0.30229
0,0,-1.256,0.10161,-0.06059,-0.33597,0.50282,-0.32989
0,0,-1.256,0.10161,-0.06059,-0.13375,0.23216,-0.34641
0,0,-1.256,0.10161,-0.06059,0.28799,-0.23305,-0.35637
0,0,-1.256,0.10161,-0.06059,0.85716,-0.53884,-0.36376
0,0,-1.256,0.10161,-0.06059,0.94264,-0.57312,-0.37269
0,0,-1.256,0.10161,-0.06059,0.49276,-0.47761,-0.38791
0,0,-1.256,0.10161,-0.06059,0.22766,-0.36427,-0.41465
0,0,-1.256,0.10161,-0.06059,0.22508,-0.27961,-0.45742
0,0,-1.256,0.10161,-0.06059,0.33061,-0.2417,-0.51698
0,0,-1.256,0.10161,-0.06059,0.47044,-0.26174,-0.58684
0,0,-1.256,0.10161,-0.06059,0.62126,-0.35051,-0.65287
0,0,-1.256,0.10161,-0.06059,0.77502,-0.51193,-0.69882
0,0,-1.256,0.10161,-0.06059,0.92241,-0.71814,-0.71372
0,0,-1.256,0.10161,-0.06059,1.0108,-0.86986,-0.69457
0,0,-1.256,0.10161,-0.06059,0.79349,-0.81742,-0.64406
0,0,-1.256,0.10161,-0.06059,0.36216,-0.56092,-0.56711
0,0,-0.628,0.5053,-0.68531,0.3231,-0.34631,-0.46889
0,0,-0.628,0.5053,-0.68531,0.43254,-0.32573,-0.35425
0,0,-0.628,0.5053,-0.68531,0.55622,-0.42971,-0.22787
0,0,-0.628,0.5053,-0.68531,0.67416,-0.55854,-0.094413
0,0,-0.628,0.5053,-0.68531,0.78365,-0.66593,0.041457
0,0,-0.628,0.5053,-0.68531,0.88428,-0.74201,0.17532
0,0,-0.628,0.5053,-0.68531,0.97603,-0.79024,0.30328
0,0,-0.628,0.5053,-0.68531,1.0591,-0.81685,0.42229
0,0,-0.628,0.5053,-0.68531,1.1338,-0.82751,0.5303
0,0,-0.628,0.5053,-0.68531,1.2006,-0.82672,0.62625
0,0,-0.628,0.5053,-0.68531,1.2599,-0.81786,0.70999
0,0,-0.628,0.5053,-0.68531,1.3124,-0.8035,0.78202
0,0,-0.628,0.5053,-0.68531,1.3585,-0.78557,0.84332
0,0,-0.628,0.5053,-0.68531,1.3988,-0.76551,0.89509
0,0,-0.628,0.5053,-0.68531,1.4338,-0.74442,0.93864
0,0,-0.628,0.5053,-0.68531,1.4641,-0.72309,0.97524
0,0,-0.628,0.5053,-0.68531,1.4901,-0.7021,1.006
0,0,-0.628,0.5053,-0.68531,1.5123,-0.68186,1.0321
0,0,-0.628,0.5053,-0.68531,1.5311,-0.66263,1.0543
0,0,-0.628,0.5053,-0.68531,1.547,-0.6446,1.0734
0,0,-0.628,0.5053,-0.68531,1.5601,-0.62785,1.0901
0,0,-0.628,0.5053,-0.68531,1.5709,-0.61242,1.1047
0,0,-0.628,0.5053,-0.68531,1.5796,-0.59829,1.1179
0,0,-0.628,0.5053,-0.68531,1.5864,-0.58543,1.1298
0,0,-0.628,0.5053,-0.68531,1.5916,-0.57377,1.1409
0,0,-0.628,0.5053,-0.68531,1.5954,-0.56326,1.1512
0,0,-0.628,0.5053,-0.68531,1.5979,-0.55381,1.1609
0,0,-0.628,0.5053,-0.68531,1.5993,-0.54534,1.1703
0,0,-0.628,0.5053,-0.68531,1.5997,-0.53776,1.1793
0,0,-0.628,0.5053,-0.68531,1.5993,-0.531,1.188
0,0,-0.628,0.5053,-0.68531,1.5981,-0.52498,1.1966
0,0,-0.628,0.5053,-0.68531,1.5962,-0.51963,1.205
0,0,-0.628,0.5053,-0.68531,1.5937,-0.51488,1.2133
0,0,-0.628,0.5053,-0.68531,1.5907,-0.51067,1.2214
0,0,-0.628,0.5053,-0.68531,1.5872,-0.50694,1.2293
0,0,-0.628,0.5053,-0.68531,1.5833,-0.50364,1.2371
0,0,-0.628,0.5053,-0.68531,1.579,-0.50072,1.2446
0,0,-0.628,0.5053,-0.68531,-0.42793,-0.35784,-1.3003
0,0,-0.628,0.5053,-0.68531,-0.40292,-0.3578,-1.2993
0,0,-0.628,0.5053,-0.68531,-0.3775,-0.35776,-1.2982
0,0,-0.628,0.5053,-0.68531,-0.35168,-0.35772,-1.2969
0,0,0,0.20694,-0.30395,-0.3255,-0.35767,-1.2957
0,0,0,0.20694,-0.30395,-0.299,-0.35761,-1.2943
0,0,0,0.20694,-0.30395,-0.27219,-0.35754,-1.2928
0,0,0,0.20694,-0.30395,-0.24511,-0.35747,-1.2913
0,0,0,0.20694,-0.30395,-0.2178,-0.35738,-1.2896
0,0,0,0.20694,-0.30395,-0.19028,-0.35728,-1.2877
0,0,0,0.20694,-0.30395,-0.16258,-0.35717,-1.2858
0,0,0,0.20694,-0.30395,-0.13472,-0.35705,-1.2836
0,0,0,0.20694,-0.30395,-0.10674,-0.3569,-1.2812
0,0,0,0.20694,-0.30395,-0.078653,-0.35674,-1.2786
0,0,0,0.20694,-0.30395,-0.050489,-0.35656,-1.2756
0,0,0,0.20694,-0.30395,-0.022264,-0.35634,-1.2722
0,0,0,0.20694,-0.30395,0.0060029,-0.3561,-1.2681
0,0,0,0.20694,-0.30395,0.034299,-0.35583,-1.2632
0,0,0,0.20694,-0.30395,0.062614,-0.35552,-1.2571
0,0,0,0.20694,-0.30395,0.090942,-0.35517,-1.2492
0,0,0,0.20694,-0.30395,0.11928,-0.35478,-1.2389
0,0,0,0.20694,-0.30395,0.14764,-0.35434,-1.2251
0,0,0,0.20694,-0.30395,0.17602,-0.35386,-1.2061
0,0,0,0.20694,-0.30395,0.20445,-0.35335,-1.18
0,0,0,0.20694,-0.30395,0.23295,-0.35281,-1.1436
0,0,0,0.20694,-0.30395,0.26155,-0.3523,-1.0931
0,0,0,0.20694,-0.30395,0.29031,-0.35189,-1.024
0,0,0,0.20694,-0.30395,0.31927,-0.35171,-0.93145
0,0,0,0.20694,-0.30395,0.34852,-0.35198,-0.81226
0,0,0,0.20694,-0.30395,0.37813,-0.35309,-0.66735
0,0,0,0.20694,-0.30395,0.40819,-0.35563,-0.50572
0,0,0,0.20694,-0.30395,0.43883,-0.36056,-0.34768
0,0,0,0.20694,-0.30395,0.47017,-0.36925,-0.22473
0,0,0,0.20694,-0.30395,0.50232,-0.38353,-0.17288
0,0,0,0.20694,-0.30395,0.53535,-0.40526,-0.21684
0,0,0,0.20694,-0.30395,0.56893,-0.4349,-0.34206
0,0,0,0.20694,-0.30395,0.60062,-0.46785,-0.45146
0,0,0,0.20694,-0.30395,0.6172,-0.48825,-0.34752
0,0,0,0.20694,-0.30395,0.56948,-0.46818,0.08297
0,0,0,0.20694,-0.30395,0.43305,-0.39336,0.54398
0,0,0,0.20694,-0.30395,0.35744,-0.29619,0.67492
0,0,0,0.20694,-0.30395,0.35269,-0.21075,0.52548
0,0,0,0.20694,-0.30395,0.33933,-0.12275,0.29145
0,0,0,0.20694,-0.30395,0.24045,-0.006612,0.081899
0,0,0,0.20694,-0.30395,-0.055289,0.13777,-0.074478
0,0,0.628,0.4956,0.046052,-0.52017,0.28782,-0.18225
0,0,0.628,0.4956,0.046052,-0.6475,0.42008,-0.25355
0,0,0.628,0.4956,0.046052,-0.45727,0.51405,-0.29925
0,0,0.628,0.4956,0.046052,-0.33455,0.49957,-0.32745
0,0,0.628,0.4956,0.046052,-0.13792,0.23739,-0.34408
0,0,0.628,0.4956,0.046052,0.27531,-0.22364,-0.35373
0,0,0.628,0.4956,0.046052,0.83655,-0.53024,-0.36053
0,0,0.628,0.4956,0.046052,0.92638,-0.5663,-0.3687
0,0,0.628,0.4956,0.046052,0.48541,-0.47214,-0.38308
0,0,0.628,0.4956,0.046052,0.22471,-0.35977,-0.40902
0,0,0.628,0.4956,0.046052,0.22372,-0.27578,-0.45106
0,0,0.628,0.4956,0.046052,0.32978,-0.23813,-0.51
0,0,0.628,0.4956,0.046052,0.46979,-0.2579,-0.57929
0,0,0.628,0.4956,0.046052,0.62064,-0.34582,-0.64476
0,0,0.628,0.4956,0.046052,0.7744,-0.50624,-0.69021
0,0,0.628,0.4956,0.046052,0.92212,-0.71296,-0.7047
0,0,0.628,0.4956,0.046052,1.0137,-0.86953,-0.68527
0,0,0.628,0.4956,0.046052,0.8083,-0.826,-0.63462
0,0,0.628,0.4956,0.046052,0.37076,-0.57396,-0.55767
0,0,0.628,0.4956,0.046052,0.32299,-0.35518,-0.45957
0,0,0.628,0.4956,0.046052,0.43069,-0.32939,-0.3452
0,0,0.628,0.4956,0.046052,0.55387,-0.43124,-0.21925
0,0,0.628,0.4956,0.046052,0.67142,-0.55976,-0.086425
0,0,0.628,0.4956,0.046052,0.78055,-0.66716,0.048605
0,0,0.628,0.4956,0.046052,0.88081,-0.74303,0.18143
0,0,0.628,0.4956,0.046052,0.97221,-0.79081,0.30819
0,0,0.628,0.4956,0.046052,1.0549,-0.81685,0.4259
0,0,0.628,0.4956,0.046052,1.1293,-0.82694,0.53257
0,0,0.628,0.4956,0.046052,1.1958,-0.82563,0.6272
0,0,0.628,0.4956,0.046052,1.2549,-0.81635,0.70968
0,0,0.628,0.4956,0.046052,1.307,-0.80169,0.78056
0,0,0.628,0.4956,0.046052,1.3529,-0.78355,0.84082
0,0,0.628,0.4956,0.046052,1.3929,-0.76338,0.89167
0,0,0.628,0.4956,0.046052,1.4278,-0.74225,0.93442
0,0,0.628,0.4956,0.046052,1.4579,-0.72094,0.97031
0,0,0.628,0.4956,0.046052,1.4838,-0.70001,1.0005
0,0,0.628,0.4956,0.046052,1.5058,-0.67987,1.026
0,0,0.628,0.4956,0.046052,1.5245,-0.66076,1.0477
0,0,0.628,0.4956,0.046052,1.5402,-0.64285,1.0664
0,0,0.628,0.4956,0.046052,1.5533,-0.62623,1.0826
0,0,0.628,0.4956,0.046052,1.564,-0.61093,1.0969
0,0,1.256,0.42376,-0.25167,1.5726,-0.59693,1.1097
0,0,1.256,0.42376,-0.25167,1.5794,-0.58419,1.1213
0,0,1.256,0.42376,-0.25167,1.5845,-0.57266,1.1319
0,0,1.256,0.42376,-0.25167,1.5883,-0.56226,1.1419
0,0,1.256,0.42376,-0.25167,1.5908,-0.55291,1.1513
0,0,1.256,0.42376,-0.25167,1.5921,-0.54453,1.1603
0,0,1.256,0.42376,-0.25167,1.5925,-0.53704,1.1691
0,0,1.256,0.42376,-0.25167,1.5921,-0.53036,1.1776
0,0,1.256,0.42376,-0.25167,1.5908,-0.52441,1.1859
0,0,1.256,0.42376,-0.25167,1.5889,-0.51912,1.1942
0,0,1.256,0.42376,-0.25167,1.5864,-0.51443,1.2023
0,0,1.256,0.42376,-0.25167,1.5834,-0.51027,1.2103
0,0,1.256,0.42376,-0.25167,1.58,-0.50658,1.2182
0,0,1.256,0.42376,-0.25167,1.5761,-0.50332,1.226
0,0,1.256,0.42376,-0.25167,1.5718,-0.50044,1.2337
0,0,1.256,0.42376,-0.25167,-0.43124,-0.35784,-1.3014
0,0,1.256,0.42376,-0.25167,-0.40603,-0.3578,-1.3004
0,0,1.256,0.42376,-0.25167,-0.38041,-0.35776,-1.2993
0,0,1.256,0.42376,-0.25167,-0.35442,-0.35771,-1.2982
0,0,1.256,0.42376,-0.25167,-0.32807,-0.35766,-1.297
0,0,1.256,0.42376,-0.25167,-0.3014,-0.3576,-1.2957
0,0,1.256,0.42376,-0.25167,-0.27445,-0.35754,-1.2943
0,0,1.256,0.42376,-0.25167,-0.24724,-0.35746,-1.2928
0,0,1.256,0.42376,-0.25167,-0.2198,-0.35737,-1.2912
0,0,1.256,0.42376,-0.25167,-0.19216,-0.35727,-1.2894
0,0,1.256,0.42376,-0.25167,-0.16436,-0.35716,-1.2875
0,0,1.256,0.42376,-0.25167,-0.13641,-0.35703,-1.2855
0,0,1.256,0.42376,-0.25167,-0.10835,-0.35689,-1.2832
0,0,1.256,0.42376,-0.25167,-0.0802,-0.35672,-1.2806
0,0,1.256,0.42376,-0.25167,-0.05198,-0.35653,-1.2777
0,0,1.256,0.42376,-0.25167,-0.023711,-0.35632,-1.2743
0,0,1.256,0.42376,-0.25167,0.0045912,-0.35607,-1.2703
0,0,1.256,0.42376,-0.25167,0.032911,-0.35579,-1.2653
0,0,1.256,0.42376,-0.25167,0.06124,-0.35548,-1.2591
0,0,1.256,0.42376,-0.25167,0.089573,-0.35512,-1.2511
0,0,1.256,0.42376,-0.25167,0.11791,-0.35472,-1.2404
0,0,1.256,0.42376,-0.25167,0.14625,-0.35427,-1.2261
0,0,1.256,0.42376,-0.25167,0.17461,-0.35377,-1.2063
0,0,1.256,0.42376,-0.25167,0.20301,-0.35324,-1.1789
0,0,1.256,0.42376,-0.25167,0.23147,-0.35269,-1.1407
0,0,1.256,0.42376,-0.25167,0.26004,-0.35217,-1.0877
0,0,1.884,0.29877,-0.29101,0.28875,-0.35176,-1.0152
0,0,1.884,0.29877,-0.29101,0.31766,-0.35158,-0.91848
0,0,1.884,0.29877,-0.29101,0.34685,-0.35189,-0.7945
0,0,1.884,0.29877,-0.29101,0.37641,-0.35308,-0.64495
0,0,1.884,0.29877,-0.29101,0.40642,-0.3558,-0.48002
0,0,1.884,0.29877,-0.29101,0.43702,-0.36103,-0.32153
0,0,1.884,0.29877,-0.29101,0.46832,-0.37022,-0.20211
0,0,1.884,0.29877,-0.29101,0.50045,-0.38527,-0.15784
0,0,1.884,0.29877,-0.29101,0.53348,-0.40801,-0.2119
0,0,1.884,0.29877,-0.29101,0.56698,-0.4387,-0.34619
0,0,1.884,0.29877,-0.29101,0.59791,-0.47197,-0.45821
0,0,1.884,0.29877,-0.29101,0.6101,-0.49067,-0.34661
0,0,1.884,0.29877,-0.29101,0.54903,-0.46644,0.093065
0,0,1.884,0.29877,-0.29101,0.41215,-0.38867,0.55138
0,0,1.884,0.29877,-0.29101,0.35257,-0.29335,0.67651
0,0,1.884,0.29877,-0.29101,0.3554,-0.21095,0.52734
0,0,1.884,0.29877,-0.29101,0.34542,-0.12406,0.29656
0,0,1.884,0.29877,-0.29101,0.24832,-0.0086923,0.089269
0,0,1.884,0.29877,-0.29101,-0.046903,0.13291,-0.066811
0,0,1.884,0.29877,-0.29101,-0.50813,0.27839,-0.17554
0,0,1.884,0.29877,-0.29101,-0.62881,0.40782,-0.24811
0,0,1.884,0.29877,-0.29101,-0.44685,0.50431,-0.29487
0,0,1.884,0.29877,-0.29101,-0.33196,0.4973,-0.32374
0,0,1.884,0.29877,-0.29101,-0.14117,0.24351,-0.34063
0,0,1.884,0.29877,-0.29101,0.26334,-0.21357,-0.35025
0,0,1.884,0.29877,-0.29101,0.81635,-0.5212,-0.35679
0,0,1.884,0.29877,-0.29101,0.91019,-0.55922,-0.36458
0,0,1.884,0.29877,-0.29101,0.47806,-0.46653,-0.37853
0,0,1.884,0.29877,-0.29101,0.22179,-0.35522,-0.40402
0,0,1.884,0.29877,-0.29101,0.22239,-0.27196,-0.44566
0,0,1.884,0.29877,-0.29101,0.32899,-0.23463,-0.5042
0,0,1.884,0.29877,-0.29101,0.46917,-0.25417,-0.57307
0,0,1.884,0.29877,-0.29101,0.62004,-0.34128,-0.63809
0,0,1.884,0.29877,-0.29101,0.7738,-0.50072,-0.68308
0,0,1.884,0.29877,-0.29101,0.92182,-0.70786,-0.69718
0,0,1.884,0.29877,-0.29101,1.0165,-0.86908,-0.67751
0,0,1.884,0.29877,-0.29101,0.82285,-0.83438,-0.62678
0,0,1.884,0.29877,-0.29101,0.37974,-0.58704,-0.5499
0,0,1.884,0.29877,-0.29101,0.32299,-0.3642,-0.452
0,0,1.884,0.29877,-0.29101,0.42888,-0.33309,-0.33797
0,0,1.884,0.29877,-0.29101,0.55152,-0.43268,-0.21253
0,0,2.512,0.27394,-0.31252,0.6687,-0.56082,-0.080387
0,0,2.512,0.27394,-0.31252,0.77747,-0.66823,0.053778
0,0,2.512,0.27394,-0.31252,0.87737,-0.74391,0.18557
0,0,2.512,0.27394,-0.31252,0.96841,-0.79126,0.31117
0,0,2.512,0.27394,-0.31252,1.0508,-0.81675,0.42765
0,0,2.512,0.27394,-0.31252,1.1249,-0.82628,0.53306
0,0,2.512,0.27394,-0.31252,1.191,-0.82447,0.62648
0,0,2.512,0.27394,-0.31252,1.2498,-0.8148,0.70783
0,0,2.512,0.27394,-0.31252,1.3017,-0.79984,0.77769
0,0,2.512,0.27394,-0.31252,1.3473,-0.78151,0.83704
0,0,2.512,0.27394,-0.31252,1.3872,-0.76124,0.88712
0,0,2.512,0.27394,-0.31252,1.4218,-0.74008,0.92919
0,0,2.512,0.27394,-0.31252,1.4517,-0.71879,0.96451
0,0,2.512,0.27394,-0.31252,1.4774,-0.69794,0.99421
0,0,2.512,0.27394,-0.31252,1.4994,-0.67788,1.0193
0,0,2.512,0.27394,-0.31252,1.518,-0.65889,1.0407
0,0,2.512,0.27394,-0.31252,1.5336,-0.64111,1.059
0,0,2.512,0.27394,-0.31252,1.5465,-0.62463,1.0749
0,0,2.512,0.27394,-0.31252,1.5571,-0.60946,1.0889
0,0,2.512,0.27394,-0.31252,1.5657,-0.59559,1.1014
0,0,2.512,0.27394,-0.31252,1.5724,-0.58297,1.1127
0,0,2.512,0.27394,-0.31252,1.5775,-0.57156,1.1231
0,0,2.512,0.27394,-0.31252,1.5812,-0.56127,1.1328
0,0,2.512,0.27394,-0.31252,1.5836,-0.55202,1.1419
0,0,2.512,0.27394,-0.31252,1.585,-0.54373,1.1507
0,0,2.512,0.27394,-0.31252,1.5854,-0.53633,1.1591
0,0,2.512,0.27394,-0.31252,1.5849,-0.52972,1.1674
0,0,2.512,0.27394,-0.31252,1.5836,-0.52384,1.1755
0,0,2.512,0.27394,-0.31252,1.5817,-0.51862,1.1835
0,0,2.512,0.27394,-0.31252,1.5793,-0.51398,1.1914
0,0,2.512,0.27394,-0.31252,1.5762,-0.50987,1.1993
0,0,2.512,0.27394,-0.31252,1.5728,-0.50623,1.2071
0,0,2.512,0.27394,-0.31252,1.5689,-0.50301,1.2149
0,0,2.512,0.27394,-0.31252,1.5647,-0.50017,1.2226
0,0,2.512,0.27394,-0.31252,-0.43443,-0.35783,-1.3023
0,0,2.512,0.27394,-0.31252,-0.40903,-0.3578,-1.3013
0,0,2.512,0.27394,-0.31252,-0.38322,-0.35776,-1.3003
0,0,2.512,0.27394,-0.31252,-0.35705,-0.35771,-1.2992
0,0,2.512,0.27394,-0.31252,-0.33053,-0.35766,-1.2981
0,0,2.512,0.27394,-0.31252,-0.30371,-0.3576,-1.2969
0,0,2.512,0.27394,-0.31252,-0.27661,-0.35753,-1.2955
0,0,3.14,0.23351,-0.32734,-0.24927,-0.35745,-1.2941
0,0,3.14,0.23351,-0.32734,-0.22171,-0.35736,-1.2925
0,0,3.14,0.23351,-0.32734,-0.19396,-0.35726,-1.2909
0,0,3.14,0.23351,-0.32734,-0.16606,-0.35715,-1.289
0,0,3.14,0.23351,-0.32734,-0.13803,-0.35702,-1.287
0,0,3.14,0.23351,-0.32734,-0.1099,-0.35687,-1.2848
0,0,3.14,0.23351,-0.32734,-0.081681,-0.3567,-1.2823
0,0,3.14,0.23351,-0.32734,-0.053408,-0.35651,-1.2794
0,0,3.14,0.23351,-0.32734,-0.025097,-0.35629,-1.276
0,0,3.14,0.23351,-0.32734,0.0032361,-0.35604,-1.2719
0,0,3.14,0.23351,-0.32734,0.031577,-0.35575,-1.2668
0,0,3.14,0.23351,-0.32734,0.059917,-0.35543,-1.2605
0,0,3.14,0.23351,-0.32734,0.08825,-0.35506,-1.2522
0,0,3.14,0.23351,-0.32734,0.11658,-0.35465,-1.2411
0,0,3.14,0.23351,-0.32734,0.1449,-0.35419,-1.2261
0,0,3.14,0.23351,-0.32734,0.17324,-0.35368,-1.2054
0,0,3.14,0.23351,-0.32734,0.20161,-0.35314,-1.1766
0,0,3.14,0.23351,-0.32734,0.23003,-0.35258,-1.1364
0,0,3.14,0.23351,-0.32734,0.25855,-0.35205,-1.0806
0,0,3.14,0.23351,-0.32734,0.28721,-0.35163,-1.0045
0,0,3.14,0.23351,-0.32734,0.31607,-0.35148,-0.90335
0,0,3.14,0.23351,-0.32734,0.34521,-0.35183,-0.77438
0,0,3.14,0.23351,-0.32734,0.37471,-0.35313,-0.6201
0,0,3.14,0.23351,-0.32734,0.40467,-0.35603,-0.45197
0,0,3.14,0.23351,-0.32734,0.43521,-0.3616,-0.29327
0,0,3.14,0.23351,-0.32734,0.46647,-0.37135,-0.1777
0,0,3.14,0.23351,-0.32734,0.49857,-0.38722,-0.14125
0,0,3.14,0.23351,-0.32734,0.53157,-0.41105,-0.20537
0,0,3.14,0.23351,-0.32734,0.5649,-0.4428,-0.34835
0,0,3.14,0.23351,-0.32734,0.59476,-0.47633,-0.46217
0,0,3.14,0.23351,-0.32734,0.60145,-0.49312,-0.34204
0,0,3.14,0.23351,-0.32734,0.52626,-0.46465,0.10705
0,0,3.14,0.23351,-0.32734,0.39254,-0.38433,0.56248
0,0,3.14,0.23351,-0.32734,0.34793,-0.29119,0.68166
0,0,3.14,0.23351,-0.32734,0.35702,-0.21168,0.53221
0,0,3.14,0.23351,-0.32734,0.35001,-0.12569,0.30384
0,0,3.14,0.23351,-0.32734,0.25489,-0.011129,0.098035
0,0,3.14,0.23351,-0.32734,-0.03899,0.12758,-0.058238
0,0,3.14,0.23351,-0.32734,-0.49534,0.2686,-0.16817
0,0,3.14,0.23351,-0.32734,-0.60877,0.3957,-0.24219
0,0,3.14,0.23351,-0.32734,-0.43501,0.49533,-0.29019
0,5,-3.14,0.30098,-0.38652,-0.32798,0.49602,-0.31998
0,5,-3.14,0.30098,-0.38652,-0.1433,0.25047,-0.33748
0,5,-3.14,0.30098,-0.38652,0.25224,-0.20287,-0.34746
0,5,-3.14,0.30098,-0.38652,0.79669,-0.51174,-0.35419
0,5,-3.14,0.30098,-0.38652,0.89414,-0.55189,-0.36204
0,5,-3.14,0.30098,-0.38652,0.47075,-0.46077,-0.37597
0,5,-3.14,0.30098,-0.38652,0.21894,-0.3506,-0.40138
0,5,-3.14,0.30098,-0.38652,0.22112,-0.26813,-0.44287
0,5,-3.14,0.30098,-0.38652,0.32825,-0.23118,-0.50118
0,5,-3.14,0.30098,-0.38652,0.46858,-0.25056,-0.56967
0,5,-3.14,0.30098,-0.38652,0.61948,-0.33691,-0.63415
0,5,-3.14,0.30098,-0.38652,0.77322,-0.49537,-0.6785
0,5,-3.14,0.30098,-0.38652,0.92152,-0.70285,-0.69199
0,5,-3.14,0.30098,-0.38652,1.0191,-0.86854,-0.67183
0,5,-3.14,0.30098,-0.38652,0.83713,-0.84257,-0.62079
0,5,-3.14,0.30098,-0.38652,0.38912,-0.60013,-0.54377
0,5,-3.14,0.30098,-0.38652,0.3231,-0.37338,-0.44593
0,5,-3.14,0.30098,-0.38652,0.42709,-0.33681,-0.33215
0,5,-3.14,0.30098,-0.38652,0.5492,-0.43401,-0.20715
0,5,-3.14,0.30098,-0.38652,0.666,-0.56174,-0.075656
0,5,-3.14,0.30098,-0.38652,0.7744,-0.66914,0.057669
0,5,-3.14,0.30098,-0.38652,0.87394,-0.74464,0.18845
0,5,-3.14,0.30098,-0.38652,0.96463,-0.79159,0.31293
0,5,-3.14,0.30098,-0.38652,1.0467,-0.81655,0.42821
0,5,-3.14,0.30098,-0.38652,1.1204,-0.82554,0.53243
0,5,-3.14,0.30098,-0.38652,1.1863,-0.82326,0.6247
0,5,-3.14,0.30098,-0.38652,1.2448,-0.8132,0.705
0,5,-3.14,0.30098,-0.38652,1.2964,-0.79797,0.77392
0,5,-3.14,0.30098,-0.38652,1.3418,-0.77946,0.83246
0,5,-3.14,0.30098,-0.38652,1.3814,-0.7591,0.88185
0,5,-3.14,0.30098,-0.38652,1.4159,-0.73791,0.92335
0,5,-3.14,0.30098,-0.38652,1.4456,-0.71665,0.95819
0,5,-3.14,0.30098,-0.38652,1.4712,-0.69587,0.98749
0,5,-3.14,0.30098,-0.38652,1.493,-0.67591,1.0123
0,5,-3.14,0.30098,-0.38652,1.5114,-0.65704,1.0333
0,5,-3.14,0.30098,-0.38652,1.5269,-0.63939,1.0514
0,5,-3.14,0.30098,-0.38652,1.5398,-0.62303,1.0671
0,5,-3.14,0.30098,-0.38652,1.5503,-0.60799,1.0809
0,5,-3.14,0.30098,-0.38652,1.5588,-0.59425,1.0932
0,5,-3.14,0.30098,-0.38652,1.5654,-0.58177,1.1043
0,5,-3.14,0.30098,-0.38652,1.5705,-0.57047,1.1144
0,5,-2.512,0.39682,-0.38663,1.5742,-0.56028,1.1239
0,5,-2.512,0.39682,-0.38663,1.5766,-0.55114,1.1328
0,5,-2.512,0.39682,-0.38663,1.5779,-0.54294,1.1413
0,5,-2.512,0.39682,-0.38663,1.5782,-0.53562,1.1495
0,5,-2.512,0.39682,-0.38663,1.5777,-0.5291,1.1575
0,5,-2.512,0.39682,-0.38663,1.5765,-0.52329,1.1654
0,5,-2.512,0.39682,-0.38663,1.5746,-0.51812,1.1732
0,5,-2.512,0.39682,-0.38663,1.5721,-0.51354,1.1809
0,5,-2.512,0.39682,-0.38663,1.5691,-0.50948,1.1886
0,5,-2.512,0.39682,-0.38663,1.5657,-0.50589,1.1962
0,5,-2.512,0.39682,-0.38663,1.5618,-0.50271,1.2039
0,5,-2.512,0.39682,-0.38663,1.5576,-0.4999,1.2115
0,5,-2.512,0.39682,-0.38663,-0.43752,-0.35783,-1.3031
0,5,-2.512,0.39682,-0.38663,-0.41192,-0.35779,-1.3021
0,5,-2.512,0.39682,-0.38663,-0.38593,-0.35775,-1.3012
0,5,-2.512,0.39682,-0.38663,-0.35958,-0.3577,-1.3001
0,5,-2.512,0.39682,-0.38663,-0.3329,-0.35765,-1.299
0,5,-2.512,0.39682,-0.38663,-0.30592,-0.35759,-1.2978
0,5,-2.512,0.39682,-0.38663,-0.27869,-0.35752,-1.2965
0,5,-2.512,0.39682,-0.38663,-0.25121,-0.35744,-1.2951
0,5,-2.512,0.39682,-0.38663,-0.22354,-0.35735,-1.2936
0,5,-2.512,0.39682,-0.38663,-0.19569,-0.35725,-1.2919
0,5,-2.512,0.39682,-0.38663,-0.16769,-0.35713,-1.2901
0,5,-2.512,0.39682,-0.38663,-0.13958,-0.357,-1.2881
0,5,-2.512,0.39682,-0.38663,-0.11137,-0.35685,-1.2859
0,5,-2.512,0.39682,-0.38663,-0.083094,-0.35668,-1.2833
0,5,-2.512,0.39682,-0.38663,-0.054773,-0.35648,-1.2804
0,5,-2.512,0.39682,-0.38663,-0.026424,-0.35626,-1.2769
0,5,-2.512,0.39682,-0.38663,0.0019366,-0.356,-1.2727
0,5,-2.512,0.39682,-0.38663,0.030295,-0.35571,-1.2675
0,5,-2.512,0.39682,-0.38663,0.058642,-0.35538,-1.2609
0,5,-2.512,0.39682,-0.38663,0.086974,-0.35501,-1.2522
0,5,-2.512,0.39682,-0.38663,0.11529,-0.35459,-1.2406
0,5,-2.512,0.39682,-0.38663,0.1436,-0.35412,-1.2248
0,5,-2.512,0.39682,-0.38663,0.17191,-0.3536,-1.203
0,5,-2.512,0.39682,-0.38663,0.20024,-0.35304,-1.1725
0,5,-2.512,0.39682,-0.38663,0.22862,-0.35247,-1.1301
0,5,-2.512,0.39682,-0.38663,0.25709,-0.35194,-1.0714
0,5,-2.512,0.39682,-0.38663,0.2857,-0.35152,-0.99137
0,5,-2.512,0.39682,-0.38663,0.31451,-0.35139,-0.88544
0,5,-2.512,0.39682,-0.38663,0.34359,-0.35181,-0.75128
0,5,-1.884,0.23158,-0.38788,0.37303,-0.35322,-0.59219
0,5,-1.884,0.23158,-0.38788,0.40293,-0.35634,-0.42097
0,5,-1.884,0.23158,-0.38788,0.43341,-0.36229,-0.26235
0,5,-1.884,0.23158,-0.38788,0.46462,-0.37264,-0.151
0,5,-1.884,0.23158,-0.38788,0.49668,-0.38939,-0.12263
0,5,-1.884,0.23158,-0.38788,0.52961,-0.41436,-0.19684
0,5,-1.884,0.23158,-0.38788,0.56269,-0.44721,-0.34815
0,5,-1.884,0.23158,-0.38788,0.59114,-0.48091,-0.46309
0,5,-1.884,0.23158,-0.38788,0.59109,-0.49557,-0.33374
0,5,-1.884,0.23158,-0.38788,0.50163,-0.46283,0.12472
0,5,-1.884,0.23158,-0.38788,0.37455,-0.3804,0.57679
0,5,-1.884,0.23158,-0.38788,0.34353,-0.28973,0.68956
0,5,-1.884,0.23158,-0.38788,0.3577,-0.21291,0.53903
0,5,-1.884,0.23158,-0.38788,0.35315,-0.12764,0.31204
0,5,-1.884,0.23158,-0.38788,0.25993,-0.013942,0.10684
0,5,-1.884,0.23158,-0.38788,-0.032092,0.12175,-0.050211
0,5,-1.884,0.23158,-0.38788,-0.48245,0.25846,-0.16169
0,5,-1.884,0.23158,-0.38788,-0.58782,0.38379,-0.23739
0,5,-1.884,0.23158,-0.38788,-0.42184,0.48713,-0.28687
0,5,-1.884,0.23158,-0.38788,-0.32247,0.49571,-0.31783
0,5,-1.884,0.23158,-0.38788,-0.14409,0.25827,-0.33622
0,5,-1.884,0.23158,-0.38788,0.24222,-0.19156,-0.34686
0,5,-1.884,0.23158,-0.38788,0.77771,-0.50187,-0.35406
0,5,-1.884,0.23158,-0.38788,0.87833,-0.54431,-0.36224
0,5,-1.884,0.23158,-0.38788,0.46356,-0.45488,-0.37637
0,5,-1.884,0.23158,-0.38788,0.21617,-0.34592,-0.40186
0,5,-1.884,0.23158,-0.38788,0.21993,-0.26431,-0.44331
0,5,-1.884,0.23158,-0.38788,0.32757,-0.22779,-0.5014
0,5,-1.884,0.23158,-0.38788,0.46804,-0.24706,-0.56942
0,5,-1.884,0.23158,-0.38788,0.61894,-0.33269,-0.63318
0,5,-1.884,0.23158,-0.38788,0.77267,-0.49019,-0.67662
0,5,-1.884,0.23158,-0.38788,0.92121,-0.69793,-0.68915
0,5,-1.884,0.23158,-0.38788,1.0216,-0.86789,-0.66812
0,5,-1.884,0.23158,-0.38788,0.85112,-0.85055,-0.61639
0,5,-1.884,0.23158,-0.38788,0.39889,-0.61323,-0.53891
0,5,-1.884,0.23158,-0.38788,0.32333,-0.38269,-0.44086
0,5,-1.884,0.23158,-0.38788,0.42533,-0.34056,-0.32712
0,5,-1.884,0.23158,-0.38788,0.54689,-0.43525,-0.20244
0,5,-1.884,0.23158,-0.38788,0.66331,-0.56249,-0.071527
0,5,-1.884,0.23158,-0.38788,0.77135,-0.66989,0.060985
0,5,-1.884,0.23158,-0.38788,0.87053,-0.74523,0.19076
0,5,-1.256,0.17637,-0.4057,0.96087,-0.79179,0.31411
0,5,-1.256,0.17637,-0.4057,1.0426,-0.81625,0.42819
0,5,-1.256,0.17637,-0.4057,1.116,-0.82472,0.53122
0,5,-1.256,0.17637,-0.4057,1.1816,-0.82198,0.62237
0,5,-1.256,0.17637,-0.4057,1.2398,-0.81156,0.70163
0,5,-1.256,0.17637,-0.4057,1.2912,-0.79606,0.76965
0,5,-1.256,0.17637,-0.4057,1.3363,-0.77739,0.82742
0,5,-1.256,0.17637,-0.4057,1.3757,-0.75694,0.87616
0,5,-1.256,0.17637,-0.4057,1.41,-0.73574,0.91713
0,5,-1.256,0.17637,-0.4057,1.4395,-0.71452,0.95155
0,5,-1.256,0.17637,-0.4057,1.4649,-0.69381,0.98051
0,5,-1.256,0.17637,-0.4057,1.4866,-0.67395,1.005
0,5,-1.256,0.17637,-0.4057,1.5049,-0.6552,1.0259
0,5,-1.256,0.17637,-0.4057,1.5203,-0.63768,1.0437
0,5,-1.256,0.17637,-0.4057,1.5331,-0.62145,1.0593
0,5,-1.256,0.17637,-0.4057,1.5435,-0.60655,1.0729
0,5,-1.256,0.17637,-0.4057,1.5519,-0.59293,1.0851
0,5,-1.256,0.17637,-0.4057,1.5585,-0.58057,1.096
0,5,-1.256,0.17637,-0.4057,1.5636,-0.56939,1.106
0,5,-1.256,0.17637,-0.4057,1.5672,-0.55931,1.1153
0,5,-1.256,0.17637,-0.4057,1.5695,-0.55027,1.124
0,5,-1.256,0.17637,-0.4057,1.5708,-0.54217,1.1324
0,5,-1.256,0.17637,-0.4057,1.5712,-0.53493,1.1404
0,5,-1.256,0.17637,-0.4057,1.5707,-0.52848,1.1481
0,5,-1.256,0.17637,-0.4057,1.5694,-0.52274,1.1557
0,5,-1.256,0.17637,-0.4057,1.5675,-0.51764,1.1633
0,5,-1.256,0.17637,-0.4057,1.565,-0.51311,1.1707
0,5,-1.256,0.17637,-0.4057,1.562,-0.5091,1.1782
0,5,-1.256,0.17637,-0.4057,1.5586,-0.50555,1.1856
0,5,-1.256,0.17637,-0.4057,1.5547,-0.50241,1.1931
0,5,-1.256,0.17637,-0.4057,1.5505,-0.49963,1.2006
0,5,-1.256,0.17637,-0.4057,-0.44049,-0.35782,-1.3036
0,5,-1.256,0.17637,-0.4057,-0.4147,-0.35779,-1.3027
0,5,-1.256,0.17637,-0.4057,-0.38853,-0.35775,-1.3018
0,5,-1.256,0.17637,-0.4057,-0.362,-0.3577,-1.3007
0,5,-1.256,0.17637,-0.4057,-0.33517,-0.35764,-1.2996
0,5,-1.256,0.17637,-0.4057,-0.30804,-0.35758,-1.2984
0,5,-1.256,0.17637,-0.4057,-0.28067,-0.35751,-1.2971
0,5,-1.256,0.17637,-0.4057,-0.25307,-0.35743,-1.2957
0,5,-1.256,0.17637,-0.4057,-0.22528,-0.35734,-1.2942
0,5,-1.256,0.17637,-0.4057,-0.19733,-0.35724,-1.2925
0,5,-0.628,0.30081,-0.58677,-0.16924,-0.35712,-1.2906
0,5,-0.628,0.30081,-0.58677,-0.14105,-0.35699,-1.2886
0,5,-0.628,0.30081,-0.58677,-0.11277,-0.35683,-1.2862
0,5,-0.628,0.30081,-0.58677,-0.084443,-0.35666,-1.2836
0,5,-0.628,0.30081,-0.58677,-0.056076,-0.35646,-1.2805
0,5,-0.628,0.30081,-0.58677,-0.027692,-0.35623,-1.2769
0,5,-0.628,0.30081,-0.58677,0.00069208,-0.35597,-1.2725
0,5,-0.628,0.30081,-0.58677,0.029064,-0.35567,-1.267
0,5,-0.628,0.30081,-0.58677,0.057416,-0.35534,-1.2599
0,5,-0.628,0.30081,-0.58677,0.085742,-0.35496,-1.2507
0,5,-0.628,0.30081,-0.58677,0.11404,-0.35453,-1.2384
0,5,-0.628,0.30081,-0.58677,0.14233,-0.35404,-1.2216
0,5,-0.628,0.30081,-0.58677,0.17061,-0.35352,-1.1984
0,5,-0.628,0.30081,-0.58677,0.1989,-0.35295,-1.1662
0,5,-0.628,0.30081,-0.58677,0.22724,-0.35237,-1.1213
0,5,-0.628,0.30081,-0.58677,0.25567,-0.35183,-1.0593
0,5,-0.628,0.30081,-0.58677,0.28422,-0.35143,-0.97508
0,5,-0.628,0.30081,-0.58677,0.31297,-0.35133,-0.86418
0,5,-0.628,0.30081,-0.58677,0.34199,-0.35181,-0.72468
0,5,-0.628,0.30081,-0.58677,0.37136,-0.35336,-0.56081
0,5,-0.628,0.30081,-0.58677,0.4012,-0.35673,-0.38673
0,5,-0.628,0.30081,-0.58677,0.43163,-0.36309,-0.22863
0,5,-0.628,0.30081,-0.58677,0.46278,-0.37409,-0.12199
0,5,-0.628,0.30081,-0.58677,0.49478,-0.39179,-0.10212
0,5,-0.628,0.30081,-0.58677,0.52762,-0.41796,-0.18659
0,5,-0.628,0.30081,-0.58677,0.56036,-0.45192,-0.34608
0,5,-0.628,0.30081,-0.58677,0.58699,-0.48569,-0.46165
0,5,-0.628,0.30081,-0.58677,0.57887,-0.49801,-0.32263
0,5,-0.628,0.30081,-0.58677,0.47574,-0.46098,0.14487
0,5,-0.628,0.30081,-0.58677,0.35837,-0.3769,0.59282
0,5,-0.628,0.30081,-0.58677,0.33939,-0.28895,0.69845
0,5,-0.628,0.30081,-0.58677,0.35761,-0.2146,0.54589
0,5,-0.628,0.30081,-0.58677,0.35502,-0.12991,0.31923
0,5,-0.628,0.30081,-0.58677,0.26343,-0.017155,0.11383
0,5,-0.628,0.30081,-0.58677,-0.026561,0.11542,-0.044454
0,5,-0.628,0.30081,-0.58677,-0.47008,0.24801,-0.15769
0,5,-0.628,0.30081,-0.58677,-0.56655,0.37213,-0.23516
0,5,-0.628,0.30081,-0.58677,-0.40761,0.47975,-0.28616
0,5,-0.628,0.30081,-0.58677,-0.31539,0.49637,-0.31834
0,5,-0.628,0.30081,-0.58677,-0.14333,0.26688,-0.33767
0,5,-0.628,0.30081,-0.58677,0.23349,-0.17966,-0.34902
0,5,0,0.053071,-0.13499,0.7596,-0.49161,-0.35675
0,5,0,0.053071,-0.13499,0.86289,-0.5365,-0.36531
0,5,0,0.053071,-0.13499,0.45655,-0.44886,-0.37967
0,5,0,0.053071,-0.13499,0.21355,-0.34119,-0.40526
0,5,0,0.053071,-0.13499,0.21885,-0.26049,-0.44664
0,5,0,0.053071,-0.13499,0.32696,-0.22446,-0.50445
0,5,0,0.053071,-0.13499,0.46755,-0.24367,-0.5719
0,5,0,0.053071,-0.13499,0.61845,-0.32863,-0.63476
0,5,0,0.053071,-0.13499,0.77214,-0.48518,-0.67706
0,5,0,0.053071,-0.13499,0.92091,-0.69311,-0.68833
0,5,0,0.053071,-0.13499,1.0239,-0.86715,-0.66609
0,5,0,0.053071,-0.13499,0.8648,-0.85833,-0.61328
0,5,0,0.053071,-0.13499,0.40907,-0.62633,-0.53497
0,5,0,0.053071,-0.13499,0.32367,-0.39215,-0.43638
0,5,0,0.053071,-0.13499,0.4236,-0.34433,-0.32245
0,5,0,0.053071,-0.13499,0.5446,-0.43638,-0.19792
0,5,0,0.053071,-0.13499,0.66064,-0.56309,-0.067482
0,5,0,0.053071,-0.13499,0.76831,-0.67048,0.064253
0,5,0,0.053071,-0.13499,0.86713,-0.74567,0.19302
0,5,0,0.053071,-0.13499,0.95712,-0.79186,0.3152
0,5,0,0.053071,-0.13499,1.0385,-0.81584,0.42805
0,5,0,0.053071,-0.13499,1.1116,-0.82382,0.52985
0,5,0,0.053071,-0.13499,1.1769,-0.82065,0.61983
0,5,0,0.053071,-0.13499,1.2348,-0.80988,0.69804
0,5,0,0.053071,-0.13499,1.2859,-0.79413,0.76513
0,5,0,0.053071,-0.13499,1.3308,-0.7753,0.82213
0,5,0,0.053071,-0.13499,1.37,-0.75478,0.87023
0,5,0,0.053071,-0.13499,1.4041,-0.73357,0.9107
0,5,0,0.053071,-0.13499,1.4335,-0.71239,0.94471
0,5,0,0.053071,-0.13499,1.4587,-0.69175,0.97337
0,5,0,0.053071,-0.13499,1.4803,-0.67201,0.99763
0,5,0,0.053071,-0.13499,1.4985,-0.65337,1.0183
0,5,0,0.053071,-0.13499,1.5137,-0.63598,1.036
0,5,0,0.053071,-0.13499,1.5264,-0.61989,1.0515
0,5,0,0.053071,-0.13499,1.5368,-0.60511,1.065
0,5,0,0.053071,-0.13499,1.5451,-0.59163,1.0771
0,5,0,0.053071,-0.13499,1.5517,-0.57939,1.0879
0,5,0,0.053071,-0.13499,1.5566,-0.56832,1.0978
0,5,0,0.053071,-0.13499,1.5602,-0.55835,1.107
0,5,0,0.053071,-0.13499,1.5626,-0.5494,1.1156
0,5,0,0.053071,-0.13499,1.5638,-0.54139,1.1237
0,5,0.628,-0.02811,0.15734,1.5642,-0.53424,1.1315
0,5,0.628,-0.02811,0.15734,1.5636,-0.52786,1.1391
0,5,0.628,-0.02811,0.15734,1.5624,-0.52219,1.1465
0,5,0.628,-0.02811,0.15734,1.5605,-0.51715,1.1538
0,5,0.628,-0.02811,0.15734,1.558,-0.51268,1.1611
0,5,0.628,-0.02811,0.15734,1.555,-0.50872,1.1683
0,5,0.628,-0.02811,0.15734,1.5516,-0.50521,1.1755
0,5,0.628,-0.02811,0.15734,1.5477,-0.50211,1.1827
0,5,0.628,-0.02811,0.15734,1.5435,-0.49937,1.19
0,5,0.628,-0.02811,0.15734,-0.44336,-0.35782,-1.3039
0,5,0.628,-0.02811,0.15734,-0.41738,-0.35778,-1.3029
0,5,0.628,-0.02811,0.15734,-0.39102,-0.35774,-1.302
0,5,0.628,-0.02811,0.15734,-0.36433,-0.35769,-1.3009
0,5,0.628,-0.02811,0.15734,-0.33734,-0.35764,-1.2997
0,5,0.628,-0.02811,0.15734,-0.31007,-0.35758,-1.2985
0,5,0.628,-0.02811,0.15734,-0.28256,-0.3575,-1.2971
0,5,0.628,-0.02811,0.15734,-0.25484,-0.35742,-1.2956
0,5,0.628,-0.02811,0.15734,-0.22694,-0.35733,-1.294
0,5,0.628,-0.02811,0.15734,-0.19889,-0.35723,-1.2922
0,5,0.628,-0.02811,0.15734,-0.17072,-0.35711,-1.2902
0,5,0.628,-0.02811,0.15734,-0.14245,-0.35697,-1.288
0,5,0.628,-0.02811,0.15734,-0.11411,-0.35681,-1.2855
0,5,0.628,-0.02811,0.15734,-0.085727,-0.35664,-1.2826
0,5,0.628,-0.02811,0.15734,-0.057318,-0.35643,-1.2793
0,5,0.628,-0.02811,0.15734,-0.028904,-0.3562,-1.2753
0,5,0.628,-0.02811,0.15734,-0.00049849,-0.35594,-1.2705
0,5,0.628,-0.02811,0.15734,0.027885,-0.35563,-1.2646
0,5,0.628,-0.02811,0.15734,0.056237,-0.35529,-1.257
0,5,0.628,-0.02811,0.15734,0.084555,-0.3549,-1.2471
0,5,0.628,-0.02811,0.15734,0.11284,-0.35446,-1.2339
0,5,0.628,-0.02811,0.15734,0.1411,-0.35397,-1.2159
0,5,0.628,-0.02811,0.15734,0.16935,-0.35343,-1.1912
0,5,0.628,-0.02811,0.15734,0.1976,-0.35286,-1.1569
0,5,0.628,-0.02811,0.15734,0.2259,-0.35227,-1.1094
0,5,0.628,-0.02811,0.15734,0.25427,-0.35174,-1.0439
0,5,0.628,-0.02811,0.15734,0.28277,-0.35135,-0.95538
0,5,0.628,-0.02811,0.15734,0.31145,-0.35128,-0.83943
0,5,0.628,-0.02811,0.15734,0.34041,-0.35185,-0.69464
0,5,0.628,-0.02811,0.15734,0.36972,-0.35355,-0.52622
0,5,0.628,-0.02811,0.15734,0.39949,-0.35719,-0.34976
0,5,0.628,-0.02811,0.15734,0.42985,-0.364,-0.19284
0,5,1.256,0.14455,-0.38199,0.46094,-0.37571,-0.091636
0,5,1.256,0.14455,-0.38199,0.49288,-0.39442,-0.080868
0,5,1.256,0.14455,-0.38199,0.52561,-0.42185,-0.17593
0,5,1.256,0.14455,-0.38199,0.55789,-0.45693,-0.34358
0,5,1.256,0.14455,-0.38199,0.58223,-0.49065,-0.45941
0,5,1.256,0.14455,-0.38199,0.56461,-0.5004,-0.31043
0,5,1.256,0.14455,-0.38199,0.44928,-0.45912,0.16564
0,5,1.256,0.14455,-0.38199,0.34404,-0.37387,0.60863
0,5,1.256,0.14455,-0.38199,0.33549,-0.28883,0.70642
0,5,1.256,0.14455,-0.38199,0.35693,-0.21674,0.55098
0,5,1.256,0.14455,-0.38199,0.35583,-0.13251,0.32384
0,5,1.256,0.14455,-0.38199,0.26552,-0.020791,0.11773
0,5,1.256,0.14455,-0.38199,-0.022535,0.10857,-0.04196
0,5,1.256,0.14455,-0.38199,-0.45872,0.23726,-0.1569
0,5,1.256,0.14455,-0.38199,-0.54564,0.36078,-0.23597
0,5,1.256,0.14455,-0.38199,-0.39282,0.47322,-0.28832
0,5,1.256,0.14455,-0.38199,-0.30689,0.49799,-0.32155
0,5,1.256,0.14455,-0.38199,-0.14091,0.27627,-0.34169
0,5,1.256,0.14455,-0.38199,0.22626,-0.16719,-0.35365
0,5,1.256,0.14455,-0.38199,0.74256,-0.48097,-0.36182
0,5,1.256,0.14455,-0.38199,0.84798,-0.52845,-0.37067
0,5,1.256,0.14455,-0.38199,0.44982,-0.44271,-0.3852
0,5,1.256,0.14455,-0.38199,0.21114,-0.33641,-0.41085
0,5,1.256,0.14455,-0.38199,0.21791,-0.25668,-0.45213
0,5,1.256,0.14455,-0.38199,0.32646,-0.22119,-0.50961
0,5,1.256,0.14455,-0.38199,0.46714,-0.2404,-0.57644
0,5,1.256,0.14455,-0.38199,0.61801,-0.32473,-0.63832
0,5,1.256,0.14455,-0.38199,0.77164,-0.48034,-0.67934
0,5,1.256,0.14455,-0.38199,0.92061,-0.68839,-0.68917
0,5,1.256,0.14455,-0.38199,1.026,-0.86632,-0.66545
0,5,1.256,0.14455,-0.38199,0.87817,-0.8659,-0.61128
0,5,1.256,0.14455,-0.38199,0.41964,-0.63941,-0.53182
0,5,1.256,0.14455,-0.38199,0.32414,-0.40175,-0.43238
0,5,1.256,0.14455,-0.38199,0.4219,-0.34814,-0.31796
0,5,1.256,0.14455,-0.38199,0.54233,-0.4374,-0.19335
0,5,1.256,0.14455,-0.38199,0.65799,-0.56354,-0.063249
0,5,1.256,0.14455,-0.38199,0.7653,-0.6709,0.067784
0,5,1.256,0.14455,-0.38199,0.86376,-0.74596,0.19556
0,5,1.256,0.14455,-0.38199,0.9534,-0.79182,0.31654
0,5,1.256,0.14455,-0.38199,1.0344,-0.81534,0.4281
0,5,1.256,0.14455,-0.38199,1.1072,-0.82285,0.5286
0,5,1.884,0.26167,-0.41551,1.1722,-0.81925,0.61735
0,5,1.884,0.26167,-0.41551,1.2298,-0.80816,0.69446
0,5,1.884,0.26167,-0.41551,1.2807,-0.79217,0.76058
0,5,1.884,0.26167,-0.41551,1.3254,-0.7732,0.81677
0,5,1.884,0.26167,-0.41551,1.3644,-0.75261,0.86422
0,5,1.884,0.26167,-0.41551,1.3982,-0.7314,0.90416
0,5,1.884,0.26167,-0.41551,1.4275,-0.71026,0.93777
0,5,1.884,0.26167,-0.41551,1.4526,-0.68971,0.96613
0,5,1.884,0.26167,-0.41551,1.474,-0.67007,0.99016
0,5,1.884,0.26167,-0.41551,1.4921,-0.65155,1.0107
0,5,1.884,0.26167,-0.41551,1.5072,-0.63429,1.0283
0,5,1.884,0.26167,-0.41551,1.5198,-0.61833,1.0436
0,5,1.884,0.26167,-0.41551,1.5301,-0.60369,1.0571
0,5,1.884,0.26167,-0.41551,1.5384,-0.59033,1.0691
0,5,1.884,0.26167,-0.41551,1.5449,-0.57821,1.0799
0,5,1.884,0.26167,-0.41551,1.5498,-0.56726,1.0898
0,5,1.884,0.26167,-0.41551,1.5533,-0.5574,1.0989
0,5,1.884,0.26167,-0.41551,1.5556,-0.54855,1.1074
0,5,1.884,0.26167,-0.41551,1.5569,-0.54063,1.1154
0,5,1.884,0.26167,-0.41551,1.5572,-0.53356,1.1231
0,5,1.884,0.26167,-0.41551,1.5567,-0.52726,1.1305
0,5,1.884,0.26167,-0.41551,1.5554,-0.52165,1.1377
0,5,1.884,0.26167,-0.41551,1.5535,-0.51667,1.1448
0,5,1.884,0.26167,-0.41551,1.551,-0.51226,1.1519
0,5,1.884,0.26167,-0.41551,1.548,-0.50834,1.1588
0,5,1.884,0.26167,-0.41551,1.5446,-0.50488,1.1658
0,5,1.884,0.26167,-0.41551,1.5408,-0.50182,1.1728
0,5,1.884,0.26167,-0.41551,1.5366,-0.49911,1.1799
0,5,1.884,0.26167,-0.41551,-0.44612,-0.35782,-1.3036
0,5,1.884,0.26167,-0.41551,-0.41995,-0.35778,-1.3026
0,5,1.884,0.26167,-0.41551,-0.39342,-0.35774,-1.3015
0,5,1.884,0.26167,-0.41551,-0.36656,-0.35769,-1.3004
0,5,1.884,0.26167,-0.41551,-0.33941,-0.35763,-1.2991
0,5,1.884,0.26167,-0.41551,-0.31201,-0.35757,-1.2977
0,5,1.884,0.26167,-0.41551,-0.28437,-0.3575,-1.2961
0,5,1.884,0.26167,-0.41551,-0.25653,-0.35741,-1.2944
0,5,1.884,0.26167,-0.41551,-0.22852,-0.35732,-1.2926
0,5,1.884,0.26167,-0.41551,-0.20038,-0.35721,-1.2906
0,5,1.884,0.26167,-0.41551,-0.17212,-0.35709,-1.2883
0,5,1.884,0.26167,-0.41551,-0.14378,-0.35695,-1.2858
0,5,1.884,0.26167,-0.41551,-0.11538,-0.35679,-1.283
0,5,2.512,0.31628,-0.41417,-0.086948,-0.35661,-1.2797
0,5,2.512,0.31628,-0.41417,-0.058501,-0.35641,-1.276
0,5,2.512,0.31628,-0.41417,-0.030058,-0.35617,-1.2716
0,5,2.512,0.31628,-0.41417,-0.0016359,-0.3559,-1.2663
0,5,2.512,0.31628,-0.41417,0.026754,-0.3556,-1.2597
0,5,2.512,0.31628,-0.41417,0.055105,-0.35525,-1.2515
0,5,2.512,0.31628,-0.41417,0.083412,-0.35485,-1.2408
0,5,2.512,0.31628,-0.41417,0.11168,-0.3544,-1.2266
0,5,2.512,0.31628,-0.41417,0.13991,-0.3539,-1.2074
0,5,2.512,0.31628,-0.41417,0.16812,-0.35335,-1.1811
0,5,2.512,0.31628,-0.41417,0.19633,-0.35277,-1.1448
0,5,2.512,0.31628,-0.41417,0.22458,-0.35218,-1.0945
0,5,2.512,0.31628,-0.41417,0.25289,-0.35165,-1.0256
0,5,2.512,0.31628,-0.41417,0.28133,-0.35128,-0.93286
0,5,2.512,0.31628,-0.41417,0.30996,-0.35126,-0.812
0,5,2.512,0.31628,-0.41417,0.33885,-0.35192,-0.66221
0,5,2.512,0.31628,-0.41417,0.36809,-0.3538,-0.48972
0,5,2.512,0.31628,-0.41417,0.39779,-0.35774,-0.31157
0,5,2.512,0.31628,-0.41417,0.42809,-0.36504,-0.15665
0,5,2.512,0.31628,-0.41417,0.45911,-0.3775,-0.061713
0,5,2.512,0.31628,-0.41417,0.49098,-0.39729,-0.060683
0,5,2.512,0.31628,-0.41417,0.52356,-0.42604,-0.16665
0,5,2.512,0.31628,-0.41417,0.55528,-0.46223,-0.34235
0,5,2.512,0.31628,-0.41417,0.57676,-0.49577,-0.45797
0,5,2.512,0.31628,-0.41417,0.5482,-0.50274,-0.29863
0,5,2.512,0.31628,-0.41417,0.42294,-0.45729,0.18562
0,5,2.512,0.31628,-0.41417,0.33147,-0.37136,0.62295
0,5,2.512,0.31628,-0.41417,0.33183,-0.28936,0.71236
0,5,2.512,0.31628,-0.41417,0.35579,-0.21931,0.55344
0,5,2.512,0.31628,-0.41417,0.3558,-0.13545,0.32531
0,5,2.512,0.31628,-0.41417,0.26638,-0.024873,0.11829
0,5,2.512,0.31628,-0.41417,-0.019971,0.10119,-0.042715
0,5,2.512,0.31628,-0.41417,-0.44863,0.22625,-0.15909
0,5,2.512,0.31628,-0.41417,-0.52569,0.3498,-0.23946
0,5,2.512,0.31628,-0.41417,-0.3781,0.46755,-0.29286
0,5,2.512,0.31628,-0.41417,-0.29734,0.50056,-0.3269
0,5,2.512,0.31628,-0.41417,-0.13687,0.28642,-0.34764
0,5,2.512,0.31628,-0.41417,0.22071,-0.15417,-0.36004
0,5,2.512,0.31628,-0.41417,0.72681,-0.46997,-0.36852
0,5,2.512,0.31628,-0.41417,0.83378,-0.52019,-0.37758
0,5,2.512,0.31628,-0.41417,0.44352,-0.43643,-0.39223
0,5,3.14,0.30086,-0.41394,0.20902,-0.33157,-0.41789
0,5,3.14,0.30086,-0.41394,0.21718,-0.25287,-0.45905
0,5,3.14,0.30086,-0.41394,0.32609,-0.21798,-0.5162
0,5,3.14,0.30086,-0.41394,0.46681,-0.23723,-0.5824
0,5,3.14,0.30086,-0.41394,0.61762,-0.32099,-0.6433
0,5,3.14,0.30086,-0.41394,0.77119,-0.47568,-0.68301
0,5,3.14,0.30086,-0.41394,0.92033,-0.68377,-0.69133
0,5,3.14,0.30086,-0.41394,1.0281,-0.86541,-0.66602
0,5,3.14,0.30086,-0.41394,0.89121,-0.87326,-0.61031
0,5,3.14,0.30086,-0.41394,0.43061,-0.65245,-0.52946
0,5,3.14,0.30086,-0.41394,0.32474,-0.41148,-0.4289
0,5,3.14,0.30086,-0.41394,0.42023,-0.35197,-0.31371
0,5,3.14,0.30086,-0.41394,0.54008,-0.43832,-0.18877
0,5,3.14,0.30086,-0.41394,0.65536,-0.56382,-0.058794
0,5,3.14,0.30086,-0.41394,0.7623,-0.67117,0.071679
0,5,3.14,0.30086,-0.41394,0.86041,-0.74611,0.19853
0,5,3.14,0.30086,-0.41394,0.9497,-0.79165,0.31833
0,5,3.14,0.30086,-0.41394,1.0304,-0.81474,0.42857
0,5,3.14,0.30086,-0.41394,1.1029,-0.8218,0.52771
0,5,3.14,0.30086,-0.41394,1.1675,-0.8178,0.61516
0,5,3.14,0.30086,-0.41394,1.2249,-0.80639,0.69108
0,5,3.14,0.30086,-0.41394,1.2755,-0.79019,0.75617
0,5,3.14,0.30086,-0.41394,1.32,-0.77108,0.81149
0,5,3.14,0.30086,-0.41394,1.3588,-0.75044,0.85822
0,5,3.14,0.30086,-0.41394,1.3924,-0.72923,0.89761
0,5,3.14,0.30086,-0.41394,1.4215,-0.70814,0.9308
0,5,3.14,0.30086,-0.41394,1.4464,-0.68767,0.95884
0,5,3.14,0.30086,-0.41394,1.4677,-0.66814,0.98264
0,5,3.14,0.30086,-0.41394,1.4857,-0.64975,1.003
0,5,3.14,0.30086,-0.41394,1.5007,-0.63262,1.0205
0,5,3.14,0.30086,-0.41394,1.5132,-0.61679,1.0358
0,5,3.14,0.30086,-0.41394,1.5235,-0.60228,1.0492
0,5,3.14,0.30086,-0.41394,1.5317,-0.58905,1.0612
0,5,3.14,0.30086,-0.41394,1.5381,-0.57705,1.072
0,5,3.14,0.30086,-0.41394,1.543,-0.56622,1.0818
0,5,3.14,0.30086,-0.41394,1.5465,-0.55646,1.0909
0,5,3.14,0.30086,-0.41394,1.5488,-0.54771,1.0993
0,5,3.14,0.30086,-0.41394,1.55,-0.53988,1.1073
0,5,3.14,0.30086,-0.41394,1.5503,-0.53289,1.1149
0,5,3.14,0.30086,-0.41394,1.5497,-0.52666,1.1222
0,5,3.14,0.30086,-0.41394,1.5485,-0.52112,1.1293
0,10,-3.14,-0.059147,-0.38654,1.5465,-0.5162,1.1363
0,10,-3.14,-0.059147,-0.38654,1.5441,-0.51184,1.1431
0,10,-3.14,-0.059147,-0.38654,1.5411,-0.50797,1.1499
0,10,-3.14,-0.059147,-0.38654,1.5377,-0.50455,1.1566
0,10,-3.14,-0.059147,-0.38654,1.5339,-0.50153,1.1634
0,10,-3.14,-0.059147,-0.38654,1.5297,-0.49886,1.1702
0,10,-3.14,-0.059147,-0.38654,-0.44877,-0.35781,-1.3026
0,10,-3.14,-0.059147,-0.38654,-0.42241,-0.35778,-1.3014
0,10,-3.14,-0.059147,-0.38654,-0.39571,-0.35773,-1.3001
0,10,-3.14,-0.059147,-0.38654,-0.36869,-0.35768,-1.2987
0,10,-3.14,-0.059147,-0.38654,-0.3414,-0.35763,-1.2972
0,10,-3.14,-0.059147,-0.38654,-0.31385,-0.35756,-1.2955
0,10,-3.14,-0.059147,-0.38654,-0.28608,-0.35749,-1.2937
0,10,-3.14,-0.059147,-0.38654,-0.25813,-0.3574,-1.2917
0,10,-3.14,-0.059147,-0.38654,-0.23002,-0.35731,-1.2895
0,10,-3.14,-0.059147,-0.38654,-0.20178,-0.3572,-1.2871
0,10,-3.14,-0.059147,-0.38654,-0.17345,-0.35708,-1.2844
0,10,-3.14,-0.059147,-0.38654,-0.14504,-0.35694,-1.2815
0,10,-3.14,-0.059147,-0.38654,-0.11659,-0.35678,-1.2782
0,10,-3.14,-0.059147,-0.38654,-0.088106,-0.35659,-1.2744
0,10,-3.14,-0.059147,-0.38654,-0.059624,-0.35638,-1.2702
0,10,-3.14,-0.059147,-0.38654,-0.031158,-0.35614,-1.2652
0,10,-3.14,-0.059147,-0.38654,-0.0027211,-0.35587,-1.2594
0,10,-3.14,-0.059147,-0.38654,0.025673,-0.35556,-1.2522
0,10,-3.14,-0.059147,-0.38654,0.054018,-0.3552,-1.2433
0,10,-3.14,-0.059147,-0.38654,0.082311,-0.3548,-1.2319
0,10,-3.14,-0.059147,-0.38654,0.11055,-0.35434,-1.2168
0,10,-3.14,-0.059147,-0.38654,0.13875,-0.35383,-1.1965
0,10,-3.14,-0.059147,-0.38654,0.16693,-0.35328,-1.1688
0,10,-3.14,-0.059147,-0.38654,0.19509,-0.35269,-1.1306
0,10,-3.14,-0.059147,-0.38654,0.22329,-0.3521,-1.0779
0,10,-3.14,-0.059147,-0.38654,0.25155,-0.35157,-1.0058
0,10,-3.14,-0.059147,-0.38654,0.27993,-0.35122,-0.90906
0,10,-3.14,-0.059147,-0.38654,0.30849,-0.35126,-0.78359
0,10,-3.14,-0.059147,-0.38654,0.33731,-0.35203,-0.62918
0,10,-3.14,-0.059147,-0.38654,0.36648,-0.3541,-0.45317
0,10,-3.14,-0.059147,-0.38654,0.39612,-0.35837,-0.27401
0,10,-3.14,-0.059147,-0.38654,0.42634,-0.3662,-0.12186
0,10,-3.14,-0.059147,-0.38654,0.4573,-0.37948,-0.033865
0,10,-3.14,-0.059147,-0.38654,0.48908,-0.40041,-0.043004
0,10,-3.14,-0.059147,-0.38654,0.52149,-0.43053,-0.15993
0,10,-2.512,0.022873,-0.38657,0.55249,-0.46782,-0.34331
0,10,-2.512,0.022873,-0.38657,0.57043,-0.50103,-0.45801
0,10,-2.512,0.022873,-0.38657,0.52956,-0.50499,-0.28775
0,10,-2.512,0.022873,-0.38657,0.39738,-0.4555,0.20441
0,10,-2.512,0.022873,-0.38657,0.32055,-0.36939,0.63548
0,10,-2.512,0.022873,-0.38657,0.3284,-0.29052,0.71611
0,10,-2.512,0.022873,-0.38657,0.35432,-0.22228,0.55331
0,10,-2.512,0.022873,-0.38657,0.3551,-0.13872,0.32391
0,10,-2.512,0.022873,-0.38657,0.26625,-0.029424,0.11596
0,10,-2.512,0.022873,-0.38657,-0.018711,0.093283,-0.046129
0,10,-2.512,0.022873,-0.38657,-0.43989,0.21503,-0.16361
0,10,-2.512,0.022873,-0.38657,-0.50712,0.33922,-0.24493
0,10,-2.512,0.022873,-0.38657,-0.36408,0.46278,-0.29908
0,10,-2.512,0.022873,-0.38657,-0.28729,0.50407,-0.33367
0,10,-2.512,0.022873,-0.38657,-0.13142,0.2973,-0.35482
0,10,-2.512,0.022873,-0.38657,0.21691,-0.14063,-0.36752
0,10,-2.512,0.022873,-0.38657,0.71257,-0.45861,-0.37622
0,10,-2.512,0.022873,-0.38657,0.82051,-0.5117,-0.38542
0,10,-2.512,0.022873,-0.38657,0.4378,-0.43004,-0.40013
0,10,-2.512,0.022873,-0.38657,0.20732,-0.32669,-0.42579
0,10,-2.512,0.022873,-0.38657,0.21673,-0.24907,-0.46683
0,10,-2.512,0.022873,-0.38657,0.3259,-0.21483,-0.52369
0,10,-2.512,0.022873,-0.38657,0.4666,-0.23418,-0.5893
0,10,-2.512,0.022873,-0.38657,0.61731,-0.3174,-0.64925
0,10,-2.512,0.022873,-0.38657,0.77078,-0.47118,-0.6877
0,10,-2.512,0.022873,-0.38657,0.92006,-0.67926,-0.69452
0,10,-2.512,0.022873,-0.38657,1.03,-0.86441,-0.66762
0,10,-2.512,0.022873,-0.38657,0.90392,-0.88039,-0.6103
0,10,-2.512,0.022873,-0.38657,0.44198,-0.66545,-0.52794
0,10,-2.512,0.022873,-0.38657,0.32548,-0.42133,-0.42606
0,10,-2.512,0.022873,-0.38657,0.41859,-0.35583,-0.30988
0,10,-2.512,0.022873,-0.38657,0.53785,-0.43914,-0.18436
0,10,-2.512,0.022873,-0.38657,0.65274,-0.56394,-0.054263
0,10,-2.512,0.022873,-0.38657,0.75932,-0.67127,0.075855
0,10,-2.512,0.022873,-0.38657,0.85708,-0.74611,0.20193
0,10,-2.512,0.022873,-0.38657,0.94603,-0.79136,0.32063
0,10,-2.512,0.022873,-0.38657,1.0264,-0.81404,0.42957
0,10,-2.512,0.022873,-0.38657,1.0985,-0.82067,0.52733
0,10,-2.512,0.022873,-0.38657,1.1629,-0.8163,0.61341
0,10,-2.512,0.022873,-0.38657,1.22,-0.80459,0.68807
0,10,-2.512,0.022873,-0.38657,1.2704,-0.78818,0.75204
0,10,-1.884,0.12559,-0.38704,1.3146,-0.76895,0.80641
0,10,-1.884,0.12559,-0.38704,1.3532,-0.74826,0.85237
0,10,-1.884,0.12559,-0.38704,1.3867,-0.72706,0.89113
0,10,-1.884,0.12559,-0.38704,1.4156,-0.70603,0.92385
0,10,-1.884,0.12559,-0.38704,1.4403,-0.68565,0.95154
0,10,-1.884,0.12559,-0.38704,1.4615,-0.66623,0.9751
0,10,-1.884,0.12559,-0.38704,1.4793,-0.64796,0.99528
0,10,-1.884,0.12559,-0.38704,1.4943,-0.63096,1.0127
0,10,-1.884,0.12559,-0.38704,1.5067,-0.61527,1.0279
0,10,-1.884,0.12559,-0.38704,1.5169,-0.60089,1.0414
0,10,-1.884,0.12559,-0.38704,1.525,-0.58778,1.0533
0,10,-1.884,0.12559,-0.38704,1.5314,-0.57591,1.0641
0,10,-1.884,0.12559,-0.38704,1.5362,-0.56518,1.0739
0,10,-1.884,0.12559,-0.38704,1.5397,-0.55553,1.083
0,10,-1.884,0.12559,-0.38704,1.5419,-0.54688,1.0915
