0,0,-3.14,0.23277,0.049058
0,0,-2.512,-0.029079,0.047922
0,0,-1.884,0.01664,0.039472
0,0,-1.256,0.10161,-0.06059
0,0,-0.628,0.5053,-0.68531
0,0,0,0.20694,-0.30395
0,0,0.628,0.4956,0.046052
0,0,1.256,0.42376,-0.25167
0,0,1.884,0.29877,-0.29101
0,0,2.512,0.27394,-0.31252
0,0,3.14,0.23351,-0.32734
0,0.1,-3.14,0.2396,0.0518
0,0.1,-2.512,-0.024404,0.050083
0,0.1,-1.884,0.017963,0.040357
0,0.1,-1.256,0.10148,-0.069752
0,0.1,-0.628,0.49566,-0.68597
0,0.1,0,0.20763,-0.3084
0,0.1,0.628,0.48689,0.033098
0,0.1,1.256,0.42315,-0.26695
0,0.1,1.884,0.29864,-0.30207
0,0.1,2.512,0.26811,-0.32023
0,0.1,3.14,0.24029,-0.3344
0,0.2,-3.14,0.24388,0.057402
0,0.2,-2.512,-0.026363,0.05469
0,0.2,-1.884,0.019648,0.042747
0,0.2,-1.256,0.10116,-0.081354
0,0.2,-0.628,0.48093,-0.6844
0,0.2,0,0.20793,-0.31413
0,0.2,0.628,0.47791,0.020564
0,0.2,1.256,0.42179,-0.27934
0,0.2,1.884,0.29857,-0.31108
0,0.2,2.512,0.26219,-0.32775
0,0.2,3.14,0.24451,-0.3432
0,0.3,-3.14,0.24528,0.066695
0,0.3,-2.512,-0.033375,0.062786
0,0.3,-1.884,0.021683,0.047507
0,0.3,-1.256,0.10065,-0.094204
0,0.3,-0.628,0.46212,-0.68048
0,0.3,0,0.20785,-0.31941
0,0.3,0.628,0.4687,0.011216
0,0.3,1.256,0.41968,-0.28803
0,0.3,1.884,0.29855,-0.31824
0,0.3,2.512,0.25616,-0.33551
0,0.3,3.14,0.24584,-0.35402
0,0.4,-3.14,0.24369,0.077827
0,0.4,-2.512,-0.044085,0.073128
0,0.4,-1.884,0.024063,0.053571
0,0.4,-1.256,0.10001,-0.10771
0,0.4,-0.628,0.44024,-0.67459
0,0.4,0,0.20738,-0.32198
0,0.4,0.628,0.45933,0.0069911
0,0.4,1.256,0.41682,-0.29273
0,0.4,1.884,0.29856,-0.3235
0,0.4,2.512,0.2501,-0.34332
0,0.4,3.14,0.24417,-0.36584
0,0.5,-3.14,0.23914,0.086811
0,0.5,-2.512,-0.057149,0.081692
0,0.5,-1.884,0.026779,0.05658
0,0.5,-1.256,0.099265,-0.12379
0,0.5,-0.628,0.41614,-0.66921
0,0.5,0,0.20647,-0.32195
0,0.5,0.628,0.4499,0.0066588
0,0.5,1.256,0.41321,-0.29502
0,0.5,1.884,0.29856,-0.32776
0,0.5,2.512,0.24416,-0.35085
0,0.5,3.14,0.23954,-0.37636
0,0.6,-3.14,0.23162,0.091664
0,0.6,-2.512,-0.071102,0.085548
0,0.6,-1.884,0.029826,0.052143
0,0.6,-1.256,0.098462,-0.14486
0,0.6,-0.628,0.39052,-0.66758
0,0.6,0,0.2051,-0.32257
0,0.6,0.628,0.44052,0.0053086
0,0.6,1.256,0.40886,-0.29949
0,0.6,1.884,0.2985,-0.33427
0,0.6,2.512,0.23861,-0.3591
0,0.6,3.14,0.23193,-0.38429
0,0.7,-3.14,0.22085,0.092994
0,0.7,-2.512,-0.084315,0.08454
0,0.7,-1.884,0.033194,0.03872
0,0.7,-1.256,0.097656,-0.17034
0,0.7,-0.628,0.36396,-0.6701
0,0.7,0,0.20332,-0.32645
0,0.7,0.628,0.43127,-0.0013561
0,0.7,1.256,0.40379,-0.31024
0,0.7,1.884,0.29832,-0.34603
0,0.7,2.512,0.23378,-0.36958
0,0.7,3.14,0.22108,-0.39087
0,0.8,-3.14,0.20625,0.091766
0,0.8,-2.512,-0.095068,0.079193
0,0.8,-1.884,0.036871,0.016321
0,0.8,-1.256,0.096902,-0.19779
0,0.8,-0.628,0.33689,-0.67535
0,0.8,0,0.20134,-0.33423
0,0.8,0.628,0.42219,-0.01412
0,0.8,1.256,0.39801,-0.32707
0,0.8,1.884,0.29795,-0.36181
0,0.8,2.512,0.23003,-0.38135
0,0.8,3.14,0.2064,-0.39712
0,0.9,-3.14,0.18731,0.088251
0,0.9,-2.512,-0.10174,0.069383
0,0.9,-1.884,0.040839,-0.014588
0,0.9,-1.256,0.096258,-0.22507
0,0.9,-0.628,0.30968,-0.68263
0,0.9,0,0.1996,-0.34582
0,0.9,0.628,0.41322,-0.031363
0,0.9,1.256,0.39156,-0.34659
0,0.9,1.884,0.29733,-0.37777
0,0.9,2.512,0.22772,-0.39196
0,0.9,3.14,0.18741,-0.40257
0,1,-3.14,0.1641,0.082009
0,1,-2.512,-0.10311,0.054413
0,1,-1.884,0.045076,-0.052784
0,1,-1.256,0.095779,-0.25143
0,1,-0.628,0.28269,-0.69226
0,1,0,0.19868,-0.36054
0,1,0.628,0.4043,-0.05018
0,1,1.256,0.38448,-0.36497
0,1,1.884,0.29638,-0.391
0,1,2.512,0.22712,-0.40002
0,1,3.14,0.16416,-0.40669
0.1,0,-3.14,0.23664,0.047953
0.1,0,-2.512,0.07668,0.047062
0.1,0,-1.884,0.0049319,0.039183
0.1,0,-1.256,0.09339,-0.057114
0.1,0,-0.628,0.4652,-0.66968
0.1,0,0,0.20252,-0.30432
0.1,0,0.628,0.44695,0.059223
0.1,0,1.256,0.43981,-0.24612
0.1,0,1.884,0.30251,-0.28696
0.1,0,2.512,0.31044,-0.30715
0.1,0,3.14,0.23726,-0.3243
0.1,0.1,-3.14,0.2432,0.049301
0.1,0.1,-2.512,0.074287,0.048047
0.1,0.1,-1.884,0.0064002,0.039089
0.1,0.1,-1.256,0.09329,-0.067291
0.1,0.1,-0.628,0.45843,-0.67068
0.1,0.1,0,0.20325,-0.30834
0.1,0.1,0.628,0.43902,0.046694
0.1,0.1,1.256,0.43931,-0.26183
0.1,0.1,1.884,0.30248,-0.29882
0.1,0.1,2.512,0.30387,-0.3161
0.1,0.1,3.14,0.24375,-0.33248
0.1,0.2,-3.14,0.24714,0.052347
0.1,0.2,-2.512,0.066435,0.050387
0.1,0.2,-1.884,0.0082457,0.039513
0.1,0.2,-1.256,0.093038,-0.080707
0.1,0.2,-0.628,0.44623,-0.67008
0.1,0.2,0,0.20342,-0.31437
0.1,0.2,0.628,0.43051,0.033511
0.1,0.2,1.256,0.43798,-0.27537
0.1,0.2,1.884,0.30244,-0.30919
0.1,0.2,2.512,0.29732,-0.32528
0.1,0.2,3.14,0.24762,-0.34262
0.1,0.3,-3.14,0.24815,0.058431
0.1,0.3,-2.512,0.053792,0.055313
0.1,0.3,-1.884,0.01046,0.041268
0.1,0.3,-1.256,0.092653,-0.09633
0.1,0.3,-0.628,0.4294,-0.66819
0.1,0.3,0,0.20306,-0.32135
0.1,0.3,0.628,0.4215,0.022037
0.1,0.3,1.256,0.43581,-0.28622
0.1,0.3,1.884,0.3024,-0.31871
0.1,0.3,2.512,0.29089,-0.33547
0.1,0.3,3.14,0.24855,-0.35536
0.1,0.4,-3.14,0.24609,0.068116
0.1,0.4,-2.512,0.036957,0.063649
0.1,0.4,-1.884,0.013038,0.044934
0.1,0.4,-1.256,0.092163,-0.11232
0.1,0.4,-0.628,0.40884,-0.66478
0.1,0.4,0,0.20212,-0.32687
0.1,0.4,0.628,0.41219,0.014505
0.1,0.4,1.256,0.43282,-0.29423
0.1,0.4,1.884,0.30232,-0.32767
0.1,0.4,2.512,0.28472,-0.34683
0.1,0.4,3.14,0.2464,-0.37008
0.1,0.5,-3.14,0.24094,0.079041
0.1,0.5,-2.512,0.016724,0.073593
0.1,0.5,-1.884,0.015977,0.048746
0.1,0.5,-1.256,0.091601,-0.12792
0.1,0.5,-0.628,0.38544,-0.66003
0.1,0.5,0,0.20057,-0.32874
0.1,0.5,0.628,0.4029,0.011783
0.1,0.5,1.256,0.42899,-0.29961
0.1,0.5,1.884,0.30218,-0.33592
0.1,0.5,2.512,0.27904,-0.35836
0.1,0.5,3.14,0.24116,-0.3842
0.1,0.6,-3.14,0.23263,0.087228
0.1,0.6,-2.512,-0.0057295,0.080898
0.1,0.6,-1.884,0.019275,0.047802
0.1,0.6,-1.256,0.091007,-0.14535
0.1,0.6,-0.628,0.36002,-0.65621
0.1,0.6,0,0.19838,-0.32811
0.1,0.6,0.628,0.39396,0.011393
0.1,0.6,1.256,0.42435,-0.30439
0.1,0.6,1.884,0.30194,-0.34396
0.1,0.6,2.512,0.27411,-0.36854
0.1,0.6,3.14,0.23276,-0.39427
0.1,0.7,-3.14,0.22083,0.091108
0.1,0.7,-2.512,-0.028738,0.082937
0.1,0.7,-1.884,0.022926,0.037888
0.1,0.7,-1.256,0.090426,-0.16694
0.1,0.7,-0.628,0.33334,-0.65609
0.1,0.7,0,0.19565,-0.32913
0.1,0.7,0.628,0.38566,0.0079347
0.1,0.7,1.256,0.4189,-0.31288
0.1,0.7,1.884,0.30154,-0.35401
0.1,0.7,2.512,0.27025,-0.37738
0.1,0.7,3.14,0.22086,-0.39949
0.1,0.8,-3.14,0.205,0.091383
0.1,0.8,-2.512,-0.050202,0.079621
0.1,0.8,-1.884,0.026922,0.017859
0.1,0.8,-1.256,0.089907,-0.19204
0.1,0.8,-0.628,0.30604,-0.65997
0.1,0.8,0,0.19275,-0.33462
0.1,0.8,0.628,0.37815,-0.0020525
0.1,0.8,1.256,0.41267,-0.32745
0.1,0.8,1.884,0.30094,-0.36727
0.1,0.8,2.512,0.26779,-0.3861
0.1,0.8,3.14,0.20494,-0.40247
0.1,0.9,-3.14,0.1848,0.088799
0.1,0.9,-2.512,-0.067831,0.071212
0.1,0.9,-1.884,0.031248,-0.011736
0.1,0.9,-1.256,0.089499,-0.21855
0.1,0.9,-0.628,0.27871,-0.66699
0.1,0.9,0,0.19032,-0.34492
0.1,0.9,0.628,0.37147,-0.017794
0.1,0.9,1.256,0.40569,-0.34582
0.1,0.9,1.884,0.30008,-0.38157
0.1,0.9,2.512,0.26695,-0.39443
0.1,0.9,3.14,0.18468,-0.40525
0.1,1,-3.14,0.16065,0.083314
0.1,1,-2.512,-0.079564,0.057322
0.1,1,-1.884,0.035881,-0.049475
0.1,1,-1.256,0.089252,-0.24506
0.1,1,-0.628,0.25189,-0.6768
0.1,1,0,0.18912,-0.35895
0.1,1,0.628,0.36547,-0.036023
0.1,1,1.256,0.39802,-0.36388
0.1,1,1.884,0.2989,-0.39404
0.1,1,2.512,0.26782,-0.4013
0.1,1,3.14,0.1605,-0.40789
0.2,0,-3.14,0.24008,0.047428
0.2,0,-2.512,0.15414,0.046679
0.2,0,-1.884,-0.0075976,0.039254
0.2,0,-1.256,0.086175,-0.05363
0.2,0,-0.628,0.41365,-0.65382
0.2,0,0,0.19856,-0.30665
0.2,0,0.628,0.41282,0.072312
0.2,0,1.256,0.45824,-0.24042
0.2,0,1.884,0.30653,-0.28403
0.2,0,2.512,0.33634,-0.30179
0.2,0,3.14,0.24056,-0.31997
0.2,0.1,-3.14,0.24627,0.048053
0.2,0.1,-2.512,0.15258,0.047071
0.2,0.1,-1.884,-0.0059783,0.038675
0.2,0.1,-1.256,0.086104,-0.064412
0.2,0.1,-0.628,0.40874,-0.65487
0.2,0.1,0,0.19936,-0.31005
0.2,0.1,0.628,0.40585,0.060467
0.2,0.1,1.256,0.45786,-0.25637
0.2,0.1,1.884,0.30658,-0.29627
0.2,0.1,2.512,0.33016,-0.31145
0.2,0.1,3.14,0.24667,-0.32921
0.2,0.2,-3.14,0.24979,0.049554
0.2,0.2,-2.512,0.14715,0.048107
0.2,0.2,-1.884,-0.003973,0.038013
0.2,0.2,-1.256,0.085915,-0.078862
0.2,0.2,-0.628,0.39863,-0.65463
0.2,0.2,0,0.19944,-0.31579
0.2,0.2,0.628,0.39739,0.047198
0.2,0.2,1.256,0.45656,-0.27063
0.2,0.2,1.884,0.30659,-0.30721
0.2,0.2,2.512,0.32403,-0.32167
0.2,0.2,3.14,0.25009,-0.34054
0.2,0.3,-3.14,0.25028,0.052915
0.2,0.3,-2.512,0.13701,0.050599
0.2,0.3,-1.884,-0.0015885,0.037647
0.2,0.3,-1.256,0.085626,-0.096308
0.2,0.3,-0.628,0.38393,-0.65384
0.2,0.3,0,0.19881,-0.32347
0.2,0.3,0.628,0.38763,0.034499
0.2,0.3,1.256,0.45432,-0.28276
0.2,0.3,1.884,0.30654,-0.31788
0.2,0.3,2.512,0.31812,-0.33348
0.2,0.3,3.14,0.25049,-0.35476
0.2,0.4,-3.14,0.2476,0.05947
0.2,0.4,-2.512,0.1215,0.055775
0.2,0.4,-1.884,0.0011744,0.038272
0.2,0.4,-1.256,0.085259,-0.11496
0.2,0.4,-0.628,0.3654,-0.65268
0.2,0.4,0,0.19743,-0.33132
0.2,0.4,0.628,0.377,0.024375
0.2,0.4,1.256,0.45116,-0.29298
0.2,0.4,1.884,0.30641,-0.32908
0.2,0.4,2.512,0.31265,-0.34738
0.2,0.4,3.14,0.24771,-0.37157
0.2,0.5,-3.14,0.24167,0.069442
0.2,0.5,-2.512,0.10037,0.064162
0.2,0.5,-1.884,0.0043189,0.040072
0.2,0.5,-1.256,0.084843,-0.13257
0.2,0.5,-0.628,0.34386,-0.65052
0.2,0.5,0,0.19524,-0.3366
0.2,0.5,0.628,0.36611,0.018221
0.2,0.5,1.256,0.44707,-0.30155
0.2,0.5,1.884,0.30619,-0.34092
0.2,0.5,2.512,0.30788,-0.36261
0.2,0.5,3.14,0.24168,-0.38874
0.2,0.6,-3.14,0.23234,0.079979
0.2,0.6,-2.512,0.07406,0.073366
0.2,0.6,-1.884,0.0078494,0.040519
0.2,0.6,-1.256,0.084414,-0.14885
0.2,0.6,-0.628,0.32015,-0.64726
0.2,0.6,0,0.19224,-0.33777
0.2,0.6,0.628,0.35561,0.015874
0.2,0.6,1.256,0.44206,-0.30886
0.2,0.6,1.884,0.30583,-0.35257
0.2,0.6,2.512,0.30408,-0.37666
0.2,0.6,3.14,0.23225,-0.40234
0.2,0.7,-3.14,0.21926,0.087193
0.2,0.7,-2.512,0.04393,0.078979
0.2,0.7,-1.884,0.011769,0.034305
0.2,0.7,-1.256,0.08401,-0.16665
0.2,0.7,-0.628,0.29505,-0.64512
0.2,0.7,0,0.18861,-0.3373
0.2,0.7,0.628,0.34608,0.014003
0.2,0.7,1.256,0.43614,-0.31684
0.2,0.7,1.884,0.3053,-0.36345
0.2,0.7,2.512,0.30152,-0.38688
0.2,0.7,3.14,0.21906,-0.40922
0.2,0.8,-3.14,0.20201,0.089888
0.2,0.8,-2.512,0.012398,0.078636
0.2,0.8,-1.884,0.016074,0.017641
0.2,0.8,-1.256,0.083674,-0.18833
0.2,0.8,-0.628,0.26931,-0.64683
0.2,0.8,0,0.18488,-0.33998
0.2,0.8,0.628,0.33799,0.0075294
0.2,0.8,1.256,0.42936,-0.32863
0.2,0.8,1.884,0.30455,-0.37458
0.2,0.8,2.512,0.30042,-0.39355
0.2,0.8,3.14,0.2017,-0.41041
0.2,0.9,-3.14,0.18051,0.08875
0.2,0.9,-2.512,-0.017298,0.072211
0.2,0.9,-1.884,0.020756,-0.0098677
0.2,0.9,-1.256,0.083449,-0.21316
0.2,0.9,-0.628,0.24361,-0.65285
0.2,0.9,0,0.18194,-0.34813
0.2,0.9,0.628,0.33157,-0.0052742
0.2,0.9,1.256,0.42175,-0.34457
0.2,0.9,1.884,0.30353,-0.38639
0.2,0.9,2.512,0.30085,-0.39892
0.2,0.9,3.14,0.18014,-0.40995
0.2,1,-3.14,0.15563,0.08423
0.2,1,-2.512,-0.041724,0.059684
0.2,1,-1.884,0.025794,-0.046674
0.2,1,-1.256,0.083379,-0.23942
0.2,1,-0.628,0.21856,-0.66255
0.2,1,0,0.18075,-0.36086
0.2,1,0.628,0.32679,-0.021749
0.2,1,1.256,0.41337,-0.36144
0.2,1,1.884,0.30221,-0.39739
0.2,1,2.512,0.30263,-0.40378
0.2,1,3.14,0.15525,-0.41017
0.3,0,-3.14,0.24284,0.047185
0.3,0,-2.512,0.14971,0.046524
0.3,0,-1.884,-0.020817,0.039479
0.3,0,-1.256,0.079717,-0.050284
0.3,0,-0.628,0.35871,-0.63791
0.3,0,0,0.19486,-0.31103
0.3,0,0.628,0.39768,0.085343
0.3,0,1.256,0.47946,-0.23478
0.3,0,1.884,0.31108,-0.2813
0.3,0,2.512,0.35126,-0.29774
0.3,0,3.14,0.24316,-0.31473
0.3,0.1,-3.14,0.24856,0.047457
0.3,0.1,-2.512,0.16347,0.046634
0.3,0.1,-1.884,-0.019034,0.038669
0.3,0.1,-1.256,0.079673,-0.061469
0.3,0.1,-0.628,0.35504,-0.6389
0.3,0.1,0,0.19578,-0.31372
0.3,0.1,0.628,0.39142,0.074329
0.3,0.1,1.256,0.47922,-0.25092
0.3,0.1,1.884,0.31122,-0.29385
0.3,0.1,2.512,0.34617,-0.3076
0.3,0.1,3.14,0.24877,-0.32477
0.3,0.2,-3.14,0.25151,0.048146
0.3,0.2,-2.512,0.17435,0.047006
0.3,0.2,-1.884,-0.016872,0.037469
0.3,0.2,-1.256,0.079538,-0.0765
0.3,0.2,-0.628,0.34664,-0.63869
0.3,0.2,0,0.19578,-0.31889
0.3,0.2,0.628,0.38244,0.061316
0.3,0.2,1.256,0.47793,-0.26576
0.3,0.2,1.884,0.31127,-0.30507
0.3,0.2,2.512,0.34117,-0.31826
0.3,0.2,3.14,0.25161,-0.33711
0.3,0.3,-3.14,0.25134,0.049805
0.3,0.3,-2.512,0.18047,0.048059
0.3,0.3,-1.884,-0.014335,0.035908
0.3,0.3,-1.256,0.079325,-0.094935
0.3,0.3,-0.628,0.33398,-0.6383
0.3,0.3,0,0.19489,-0.32656
0.3,0.3,0.628,0.37117,0.048004
0.3,0.3,1.256,0.47559,-0.27878
0.3,0.3,1.884,0.31123,-0.31616
0.3,0.3,2.512,0.33646,-0.33091
0.3,0.3,3.14,0.25133,-0.35256
0.3,0.4,-3.14,0.24784,0.053486
0.3,0.4,-2.512,0.18,0.050644
0.3,0.4,-1.884,-0.011418,0.034263
0.3,0.4,-1.256,0.079055,-0.11535
0.3,0.4,-0.628,0.3177,-0.63842
0.3,0.4,0,0.19305,-0.33566
0.3,0.4,0.628,0.35825,0.036181
0.3,0.4,1.256,0.47221,-0.29038
0.3,0.4,1.884,0.3111,-0.32836
0.3,0.4,2.512,0.33227,-0.34634
0.3,0.4,3.14,0.24772,-0.37093
0.3,0.5,-3.14,0.2409,0.060473
0.3,0.5,-2.512,0.17128,0.055946
0.3,0.5,-1.884,-0.0081092,0.033038
0.3,0.5,-1.256,0.078754,-0.13547
0.3,0.5,-0.628,0.29853,-0.63882
0.3,0.5,0,0.1902,-0.34392
0.3,0.5,0.628,0.34449,0.027104
0.3,0.5,1.256,0.46777,-0.30124
0.3,0.5,1.884,0.31083,-0.34235
0.3,0.5,2.512,0.32886,-0.36415
0.3,0.5,3.14,0.24066,-0.39031
0.3,0.6,-3.14,0.23029,0.070586
0.3,0.6,-2.512,0.15314,0.064104
0.3,0.6,-1.884,-0.0043918,0.031931
0.3,0.6,-1.256,0.078452,-0.15328
0.3,0.6,-0.628,0.27725,-0.63833
0.3,0.6,0,0.18637,-0.34881
0.3,0.6,0.628,0.33078,0.021321
0.3,0.6,1.256,0.4623,-0.31165
0.3,0.6,1.884,0.31041,-0.35741
0.3,0.6,2.512,0.32647,-0.38193
0.3,0.6,3.14,0.22993,-0.40708
0.3,0.7,-3.14,0.2157,0.080505
0.3,0.7,-2.512,0.12548,0.072101
0.3,0.7,-1.884,-0.00025095,0.027669
0.3,0.7,-1.256,0.078183,-0.16944
0.3,0.7,-0.628,0.25462,-0.63671
0.3,0.7,0,0.18187,-0.34988
0.3,0.7,0.628,0.31802,0.017986
0.3,0.7,1.256,0.45581,-0.32158
0.3,0.7,1.884,0.3098,-0.37134
0.3,0.7,2.512,0.32527,-0.39576
0.3,0.7,3.14,0.21521,-0.41741
0.3,0.8,-3.14,0.19691,0.086502
0.3,0.8,-2.512,0.090027,0.075416
0.3,0.8,-1.884,0.004323,0.01482
0.3,0.8,-1.256,0.077986,-0.18746
0.3,0.8,-0.628,0.23139,-0.63655
0.3,0.8,0,0.17746,-0.35079
0.3,0.8,0.628,0.30704,0.013665
0.3,0.8,1.256,0.44833,-0.33202
0.3,0.8,1.884,0.30897,-0.3825
0.3,0.8,2.512,0.32535,-0.40326
0.3,0.8,3.14,0.19632,-0.41982
0.3,0.9,-3.14,0.17428,0.087671
0.3,0.9,-2.512,0.050652,0.071887
0.3,0.9,-1.884,0.0093301,-0.0095569
0.3,0.9,-1.256,0.0779,-0.20949
0.3,0.9,-0.628,0.20826,-0.64073
0.3,0.9,0,0.17428,-0.35616
0.3,0.9,0.628,0.29844,0.0046126
0.3,0.9,1.256,0.43992,-0.3447
0.3,0.9,1.884,0.30788,-0.3918
0.3,0.9,2.512,0.32658,-0.40632
0.3,0.9,3.14,0.17366,-0.41725
0.3,1,-3.14,0.14909,0.084568
0.3,1,-2.512,0.012791,0.061269
0.3,1,-1.884,0.014757,-0.04465
0.3,1,-1.256,0.077963,-0.23469
0.3,1,-0.628,0.18587,-0.64965
0.3,1,0,0.17347,-0.36684
0.3,1,0.628,0.2925,-0.008787
0.3,1,1.256,0.43066,-0.35896
0.3,1,1.884,0.30649,-0.40041
0.3,1,2.512,0.32858,-0.40839
0.3,1,3.14,0.14852,-0.41434
0.4,0,-3.14,0.24458,0.047075
0.4,0,-2.512,0.1015,0.046475
0.4,0,-1.884,-0.034288,0.03976
0.4,0,-1.256,0.07383,-0.047139
0.4,0,-0.628,0.30518,-0.62206
0.4,0,0,0.19122,-0.31748
0.4,0,0.628,0.39619,0.098358
0.4,0,1.256,0.50395,-0.22927
0.4,0,1.884,0.31636,-0.27816
0.4,0,2.512,0.35738,-0.2957
0.4,0,3.14,0.2447,-0.30945
0.4,0.1,-3.14,0.24968,0.047182
0.4,0.1,-2.512,0.12824,0.046456
0.4,0.1,-1.884,-0.032316,0.038842
0.4,0.1,-1.256,0.073808,-0.058634
0.4,0.1,-0.628,0.30242,-0.62297
0.4,0.1,0,0.19228,-0.31948
0.4,0.1,0.628,0.38978,0.088271
0.4,0.1,1.256,0.50384,-0.24553
0.4,0.1,1.884,0.31658,-0.29112
0.4,0.1,2.512,0.3536,-0.30555
0.4,0.1,3.14,0.24967,-0.31986
0.4,0.2,-3.14,0.2519,0.047472
0.4,0.2,-2.512,0.15205,0.046512
0.4,0.2,-1.884,-0.030002,0.037388
0.4,0.2,-1.256,0.073714,-0.074018
0.4,0.2,-0.628,0.29546,-0.62266
0.4,0.2,0,0.19223,-0.32393
0.4,0.2,0.628,0.38019,0.07574
0.4,0.2,1.256,0.50255,-0.26092
0.4,0.2,1.884,0.3167,-0.30265
0.4,0.2,2.512,0.34998,-0.3162
0.4,0.2,3.14,0.25176,-0.33282
0.4,0.3,-3.14,0.25086,0.048221
0.4,0.3,-2.512,0.17265,0.046824
0.4,0.3,-1.884,-0.027347,0.035229
0.4,0.3,-1.256,0.07356,-0.092942
0.4,0.3,-0.628,0.28471,-0.62228
0.4,0.3,0,0.19106,-0.33118
0.4,0.3,0.628,0.36788,0.062206
0.4,0.3,1.256,0.50006,-0.27473
0.4,0.3,1.884,0.31669,-0.31395
0.4,0.3,2.512,0.3467,-0.32906
0.4,0.3,3.14,0.25058,-0.34917
0.4,0.4,-3.14,0.24631,0.050034
0.4,0.4,-2.512,0.18911,0.047829
0.4,0.4,-1.884,-0.024337,0.032274
0.4,0.4,-1.256,0.073363,-0.11424
0.4,0.4,-0.628,0.27069,-0.62288
0.4,0.4,0,0.18871,-0.34071
0.4,0.4,0.628,0.35338,0.049321
0.4,0.4,1.256,0.49638,-0.28733
0.4,0.4,1.884,0.31657,-0.32652
0.4,0.4,2.512,0.34397,-0.34513
0.4,0.4,3.14,0.2459,-0.36872
0.4,0.5,-3.14,0.23807,0.05402
0.4,0.5,-2.512,0.19967,0.050403
0.4,0.5,-1.884,-0.020947,0.028644
0.4,0.5,-1.256,0.073147,-0.13604
0.4,0.5,-0.628,0.25403,-0.62485
0.4,0.5,0,0.18514,-0.35087
0.4,0.5,0.628,0.33732,0.038203
0.4,0.5,1.256,0.49149,-0.29968
0.4,0.5,1.884,0.3163,-0.34145
0.4,0.5,2.512,0.34199,-0.36431
0.4,0.5,3.14,0.23752,-0.38966
0.4,0.6,-3.14,0.22593,0.061364
0.4,0.6,-2.512,0.20167,0.055622
0.4,0.6,-1.884,-0.01714,0.024593
0.4,0.6,-1.256,0.072938,-0.15622
0.4,0.6,-0.628,0.23545,-0.62733
0.4,0.6,0,0.18045,-0.35932
0.4,0.6,0.628,0.32049,0.029282
0.4,0.6,1.256,0.48541,-0.3125
0.4,0.6,1.884,0.31587,-0.35857
0.4,0.6,2.512,0.34092,-0.38457
0.4,0.6,3.14,0.22524,-0.40872
0.4,0.7,-3.14,0.20968,0.071412
0.4,0.7,-2.512,0.19194,0.063135
0.4,0.7,-1.884,-0.012882,0.019296
0.4,0.7,-1.256,0.072769,-0.17353
0.4,0.7,-0.628,0.21565,-0.62868
0.4,0.7,0,0.17515,-0.3642
0.4,0.7,0.628,0.30387,0.022611
0.4,0.7,1.256,0.47816,-0.32542
0.4,0.7,1.884,0.31524,-0.37565
0.4,0.7,2.512,0.34085,-0.40205
0.4,0.7,3.14,0.20888,-0.42236
0.4,0.8,-3.14,0.18947,0.080413
0.4,0.8,-2.512,0.16804,0.069278
0.4,0.8,-1.884,-0.008142,0.0089025
0.4,0.8,-1.256,0.072673,-0.18964
0.4,0.8,-0.628,0.19535,-0.62894
0.4,0.8,0,0.17026,-0.36622
0.4,0.8,0.628,0.2886,0.017384
0.4,0.8,1.256,0.46979,-0.33717
0.4,0.8,1.884,0.31438,-0.38917
0.4,0.8,2.512,0.34168,-0.41283
0.4,0.8,3.14,0.1886,-0.42815
0.4,0.9,-3.14,0.16616,0.084831
0.4,0.9,-2.512,0.13044,0.069449
0.4,0.9,-1.884,-0.0029,-0.011657
0.4,0.9,-1.256,0.072685,-0.20836
0.4,0.9,-0.628,0.17519,-0.63133
0.4,0.9,0,0.16722,-0.36951
0.4,0.9,0.628,0.27579,0.011013
0.4,0.9,1.256,0.46038,-0.34771
0.4,0.9,1.884,0.31327,-0.39771
0.4,0.9,2.512,0.34315,-0.4162
0.4,0.9,3.14,0.16531,-0.4264
0.4,1,-3.14,0.14139,0.083941
0.4,1,-2.512,0.084308,0.061621
0.4,1,-1.884,0.0028444,-0.043953
0.4,1,-1.256,0.072843,-0.2314
0.4,1,-0.628,0.15578,-0.63859
0.4,1,0,0.16731,-0.37742
0.4,1,0.628,0.26629,0.0015378
0.4,1,1.256,0.45,-0.35832
0.4,1,1.884,0.31187,-0.40353
0.4,1,2.512,0.34475,-0.41582
0.4,1,3.14,0.14066,-0.42113
0.5,0,-3.14,0.24483,0.047028
0.5,0,-2.512,0.11953,0.046473
0.5,0,-1.884,-0.046976,0.040052
0.5,0,-1.256,0.068366,-0.044216
0.5,0,-0.628,0.2559,-0.60635
0.5,0,0,0.18736,-0.32601
0.5,0,0.628,0.39003,0.1114
0.5,0,1.256,0.53224,-0.2239
0.5,0,1.884,0.32253,-0.27457
0.5,0,2.512,0.35718,-0.29512
0.5,0,3.14,0.24468,-0.30527
0.5,0.1,-3.14,0.24914,0.047058
0.5,0.1,-2.512,0.13922,0.046398
0.5,0.1,-1.884,-0.044769,0.039082
0.5,0.1,-1.256,0.068359,-0.055981
0.5,0.1,-0.628,0.25384,-0.60719
0.5,0.1,0,0.18862,-0.32736
0.5,0.1,0.628,0.38342,0.1023
0.5,0.1,1.256,0.53226,-0.24019
0.5,0.1,1.884,0.32284,-0.2881
0.5,0.1,2.512,0.35462,-0.30501
0.5,0.1,3.14,0.24884,-0.3156
0.5,0.2,-3.14,0.25041,0.047161
0.5,0.2,-2.512,0.15668,0.046311
0.5,0.2,-1.884,-0.04231,0.037509
0.5,0.2,-1.256,0.068294,-0.071615
0.5,0.2,-0.628,0.24814,-0.60675
0.5,0.2,0,0.18851,-0.33106
0.5,0.2,0.628,0.37474,0.090423
0.5,0.2,1.256,0.53092,-0.2561
0.5,0.2,1.884,0.32302,-0.3001
0.5,0.2,2.512,0.3523,-0.31554
0.5,0.2,3.14,0.24996,-0.32869
0.5,0.3,-3.14,0.24824,0.04746
0.5,0.3,-2.512,0.17269,0.04627
0.5,0.3,-1.884,-0.0396,0.03507
0.5,0.3,-1.256,0.06818,-0.090773
0.5,0.3,-0.628,0.23913,-0.60622
0.5,0.3,0,0.18702,-0.33769
0.5,0.3,0.628,0.36408,0.076937
0.5,0.3,1.256,0.52821,-0.27069
0.5,0.3,1.884,0.32307,-0.31171
0.5,0.3,2.512,0.35035,-0.32825
0.5,0.3,3.14,0.24763,-0.34544
0.5,0.4,-3.14,0.24236,0.048256
0.5,0.4,-2.512,0.18753,0.046452
0.5,0.4,-1.884,-0.036611,0.031455
0.5,0.4,-1.256,0.068033,-0.1124
0.5,0.4,-0.628,0.22726,-0.60684
0.5,0.4,0,0.18409,-0.34711
0.5,0.4,0.628,0.35135,0.063396
0.5,0.4,1.256,0.5241,-0.28417
0.5,0.4,1.884,0.32298,-0.32449
0.5,0.4,2.512,0.34892,-0.34434
0.5,0.4,3.14,0.24159,-0.36569
0.5,0.5,-3.14,0.23256,0.050206
0.5,0.5,-2.512,0.20096,0.047302
0.5,0.5,-1.884,-0.033295,0.026397
0.5,0.5,-1.256,0.067874,-0.13497
0.5,0.5,-0.628,0.21307,-0.60945
0.5,0.5,0,0.17972,-0.35824
0.5,0.5,0.628,0.3365,0.050897
0.5,0.5,1.256,0.5186,-0.29759
0.5,0.5,1.884,0.32274,-0.33978
0.5,0.5,2.512,0.34815,-0.36393
0.5,0.5,3.14,0.23165,-0.38764
0.5,0.6,-3.14,0.21873,0.054453
0.5,0.6,-2.512,0.21193,0.049682
0.5,0.6,-1.884,-0.029591,0.019826
0.5,0.6,-1.256,0.067728,-0.15679
0.5,0.6,-0.628,0.1972,-0.61391
0.5,0.6,0,0.17415,-0.36922
0.5,0.6,0.628,0.31967,0.03971
0.5,0.6,1.256,0.51171,-0.31202
0.5,0.6,1.884,0.32233,-0.35783
0.5,0.6,2.512,0.3481,-0.38533
0.5,0.6,3.14,0.21768,-0.4082
0.5,0.7,-3.14,0.20094,0.062023
0.5,0.7,-2.512,0.21805,0.054481
0.5,0.7,-1.884,-0.025428,0.011735
0.5,0.7,-1.256,0.067624,-0.17641
0.5,0.7,-0.628,0.18027,-0.61873
0.5,0.7,0,0.16817,-0.3781
0.5,0.7,0.628,0.30141,0.029778
0.5,0.7,1.256,0.50347,-0.32746
0.5,0.7,1.884,0.32172,-0.3769
0.5,0.7,2.512,0.34874,-0.40513
0.5,0.7,3.14,0.19981,-0.42423
0.5,0.8,-3.14,0.1798,0.071711
0.5,0.8,-2.512,0.21507,0.060739
0.5,0.8,-1.884,-0.020739,0.00086938
0.5,0.8,-1.256,0.067593,-0.19344
0.5,0.8,-0.628,0.16292,-0.62208
0.5,0.8,0,0.16315,-0.38382
0.5,0.8,0.628,0.2828,0.021428
0.5,0.8,1.256,0.49394,-0.34203
0.5,0.8,1.884,0.32089,-0.39326
0.5,0.8,2.512,0.34988,-0.41941
0.5,0.8,3.14,0.17867,-0.43352
0.5,0.9,-3.14,0.15661,0.079376
0.5,0.9,-2.512,0.19737,0.064124
0.5,0.9,-1.884,-0.015471,-0.01682
0.5,0.9,-1.256,0.067669,-0.21019
0.5,0.9,-0.628,0.14576,-0.62468
0.5,0.9,0,0.16083,-0.38768
0.5,0.9,0.628,0.26536,0.014785
0.5,0.9,1.256,0.48321,-0.35321
0.5,0.9,1.884,0.3198,-0.40344
0.5,0.9,2.512,0.35115,-0.42568
0.5,0.9,3.14,0.1556,-0.43505
0.5,1,-3.14,0.13316,0.081669
0.5,1,-2.512,0.16126,0.059986
0.5,1,-1.884,-0.0095925,-0.045428
0.5,1,-1.256,0.067886,-0.23036
0.5,1,-0.628,0.12932,-0.6301
0.5,1,0,0.1625,-0.39318
0.5,1,0.628,0.25072,0.0084744
0.5,1,1.256,0.4714,-0.36103
0.5,1,1.884,0.31843,-0.40776
0.5,1,2.512,0.35201,-0.4251
0.5,1,3.14,0.13234,-0.43021
0.6,0,-3.14,0.24299,0.047009
0.6,0,-2.512,0.16028,0.046491
0.6,0,-1.884,-0.056794,0.040334
0.6,0,-1.256,0.06321,-0.041518
0.6,0,-0.628,0.21235,-0.59083
0.6,0,0,0.18293,-0.33661
0.6,0,0.628,0.36555,0.1245
0.6,0,1.256,0.56494,-0.21865
0.6,0,1.884,0.3297,-0.27069
0.6,0,2.512,0.35268,-0.29465
0.6,0,3.14,0.24252,-0.30306
0.6,0.1,-3.14,0.24628,0.047005
0.6,0.1,-2.512,0.17218,0.046393
0.6,0.1,-1.884,-0.05427,0.039336
0.6,0.1,-1.256,0.06321,-0.053537
0.6,0.1,-0.628,0.21086,-0.59164
0.6,0.1,0,0.18443,-0.33736
0.6,0.1,0.628,0.36028,0.11644
0.6,0.1,1.256,0.56507,-0.23487
0.6,0.1,1.884,0.3301,-0.2849
0.6,0.1,2.512,0.35114,-0.30477
0.6,0.1,3.14,0.24563,-0.31313
0.6,0.2,-3.14,0.24635,0.047021
0.6,0.2,-2.512,0.18315,0.046246
0.6,0.2,-1.884,-0.051678,0.037707
0.6,0.2,-1.256,0.063158,-0.069378
0.6,0.2,-0.628,0.20626,-0.59107
0.6,0.2,0,0.18426,-0.34033
0.6,0.2,0.628,0.35455,0.10534
0.6,0.2,1.256,0.56361,-0.25122
0.6,0.2,1.884,0.33036,-0.29753
0.6,0.2,2.512,0.34988,-0.3153
0.6,0.2,3.14,0.24552,-0.326
0.6,0.3,-3.14,0.24279,0.047109
0.6,0.3,-2.512,0.19321,0.046047
0.6,0.3,-1.884,-0.049012,0.035139
0.6,0.3,-1.256,0.063066,-0.088655
0.6,0.3,-0.628,0.19882,-0.59034
0.6,0.3,0,0.18238,-0.34623
0.6,0.3,0.628,0.3481,0.092115
0.6,0.3,1.256,0.56054,-0.26658
0.6,0.3,1.884,0.33048,-0.30961
0.6,0.3,2.512,0.34901,-0.32785
0.6,0.3,3.14,0.24178,-0.34266
0.6,0.4,-3.14,0.23533,0.0474
0.6,0.4,-2.512,0.20244,0.045838
0.6,0.4,-1.884,-0.046232,0.031214
0.6,0.4,-1.256,0.062945,-0.11034
0.6,0.4,-0.628,0.18892,-0.59077
0.6,0.4,0,0.17877,-0.35527
0.6,0.4,0.628,0.34042,0.078191
0.6,0.4,1.256,0.55584,-0.28094
0.6,0.4,1.884,0.33046,-0.32269
0.6,0.4,2.512,0.3486,-0.34372
0.6,0.4,3.14,0.23416,-0.36303
0.6,0.5,-3.14,0.22386,0.048216
0.6,0.5,-2.512,0.2109,0.045777
0.6,0.5,-1.884,-0.043262,0.025431
0.6,0.5,-1.256,0.062817,-0.13305
0.6,0.5,-0.628,0.17703,-0.59347
0.6,0.5,0,0.17352,-0.36677
0.6,0.5,0.628,0.33082,0.064717
0.6,0.5,1.256,0.54948,-0.29528
0.6,0.5,1.884,0.33029,-0.33821
0.6,0.5,2.512,0.34871,-0.36317
0.6,0.5,3.14,0.22255,-0.38537
0.6,0.6,-3.14,0.20848,0.050257
0.6,0.6,-2.512,0.21858,0.04629
0.6,0.6,-1.884,-0.04,0.017316
0.6,0.6,-1.256,0.062704,-0.15557
0.6,0.6,-0.628,0.16369,-0.59888
0.6,0.6,0,0.16712,-0.3793
0.6,0.6,0.628,0.31863,0.051961
0.6,0.6,1.256,0.5415,-0.31083
0.6,0.6,1.884,0.32993,-0.35665
0.6,0.6,2.512,0.34931,-0.38473
0.6,0.6,3.14,0.20709,-0.40671
0.6,0.7,-3.14,0.1897,0.054676
0.6,0.7,-2.512,0.22506,0.048174
0.6,0.7,-1.884,-0.036324,0.0066193
0.6,0.7,-1.256,0.062633,-0.17692
0.6,0.7,-0.628,0.14947,-0.60622
0.6,0.7,0,0.16071,-0.39124
0.6,0.7,0.628,0.30344,0.03963
0.6,0.7,1.256,0.53193,-0.32798
0.6,0.7,1.884,0.32938,-0.37664
0.6,0.7,2.512,0.3503,-0.40543
0.6,0.7,3.14,0.1883,-0.42418
0.6,0.8,-3.14,0.16854,0.06225
0.6,0.8,-2.512,0.22896,0.052025
0.6,0.8,-1.884,-0.032111,-0.0068155
0.6,0.8,-1.256,0.062633,-0.19632
0.6,0.8,-0.628,0.13491,-0.61353
0.6,0.8,0,0.15614,-0.40121
0.6,0.8,0.628,0.28545,0.027985
0.6,0.8,1.256,0.52086,-0.34514
0.6,0.8,1.884,0.3286,-0.39494
0.6,0.8,2.512,0.35142,-0.42188
0.6,0.8,3.14,0.16726,-0.43601
0.6,0.9,-3.14,0.14654,0.071155
0.6,0.9,-2.512,0.2269,0.056141
0.6,0.9,-1.884,-0.027244,-0.024401
0.6,0.9,-1.256,0.062737,-0.21389
0.6,0.9,-0.628,0.12054,-0.61918
0.6,0.9,0,0.15537,-0.40846
0.6,0.9,0.628,0.26582,0.018564
0.6,0.9,1.256,0.5084,-0.35891
0.6,0.9,1.884,0.32758,-0.40769
0.6,0.9,2.512,0.35229,-0.43149
0.6,0.9,3.14,0.14547,-0.44123
0.6,1,-3.14,0.12529,0.076884
0.6,1,-2.512,0.21268,0.055528
0.6,1,-1.884,-0.021636,-0.04985
0.6,1,-1.256,0.062976,-0.23216
0.6,1,-0.628,0.10684,-0.62445
0.6,1,0,0.1595,-0.41388
0.6,1,0.628,0.24661,0.012666
0.6,1,1.256,0.49472,-0.36674
0.6,1,1.884,0.32629,-0.41297
0.6,1,2.512,0.35243,-0.43336
0.6,1,3.14,0.12449,-0.43951
0.7,0,-3.14,0.23846,0.047003
0.7,0,-2.512,0.18498,0.046516
0.7,0,-1.884,-0.060042,0.040599
0.7,0,-1.256,0.058273,-0.039037
0.7,0,-0.628,0.1751,-0.57556
0.7,0,0,0.17741,-0.34926
0.7,0,0.628,0.33278,0.1377
0.7,0,1.256,0.60266,-0.21354
0.7,0,1.884,0.33798,-0.26663
0.7,0,2.512,0.34555,-0.2935
0.7,0,3.14,0.2376,-0.30301
0.7,0.1,-3.14,0.24049,0.046984
0.7,0.1,-2.512,0.19722,0.046411
0.7,0.1,-1.884,-0.057085,0.039582
0.7,0.1,-1.256,0.058269,-0.051307
0.7,0.1,-0.628,0.17409,-0.57636
0.7,0.1,0,0.17922,-0.34946
0.7,0.1,0.628,0.32921,0.13069
0.7,0.1,1.256,0.60284,-0.22955
0.7,0.1,1.884,0.33848,-0.28155
0.7,0.1,2.512,0.34479,-0.30406
0.7,0.1,3.14,0.23942,-0.31291
0.7,0.2,-3.14,0.23912,0.046962
0.7,0.2,-2.512,0.20768,0.04624
0.7,0.2,-1.884,-0.054365,0.037921
0.7,0.2,-1.256,0.058217,-0.067338
0.7,0.2,-0.628,0.17044,-0.5757
0.7,0.2,0,0.17895,-0.35174
0.7,0.2,0.628,0.32616,0.12048
0.7,0.2,1.256,0.60114,-0.24624
0.7,0.2,1.884,0.33884,-0.29494
0.7,0.2,2.512,0.34435,-0.31479
0.7,0.2,3.14,0.23786,-0.32547
0.7,0.3,-3.14,0.23398,0.046953
0.7,0.3,-2.512,0.21619,0.045976
0.7,0.3,-1.884,-0.051881,0.035292
0.7,0.3,-1.256,0.058125,-0.086687
0.7,0.3,-0.628,0.16437,-0.57477
0.7,0.3,0,0.1766,-0.35689
0.7,0.3,0.628,0.32342,0.1077
0.7,0.3,1.256,0.59753,-0.26235
0.7,0.3,1.884,0.33905,-0.30765
0.7,0.3,2.512,0.34426,-0.32734
0.7,0.3,3.14,0.23254,-0.3418
0.7,0.4,-3.14,0.22491,0.047005
0.7,0.4,-2.512,0.22295,0.045594
0.7,0.4,-1.884,-0.049576,0.031226
0.7,0.4,-1.256,0.058008,-0.10829
0.7,0.4,-0.628,0.15622,-0.57492
0.7,0.4,0,0.1722,-0.36537
0.7,0.4,0.628,0.3205,0.093604
0.7,0.4,1.256,0.59195,-0.2776
0.7,0.4,1.884,0.33912,-0.32118
0.7,0.4,2.512,0.34456,-0.34305
0.7,0.4,3.14,0.22333,-0.36188
0.7,0.5,-3.14,0.21202,0.047254
0.7,0.5,-2.512,0.22834,0.045101
0.7,0.5,-1.884,-0.047349,0.025105
0.7,0.5,-1.256,0.057883,-0.13085
0.7,0.5,-0.628,0.14638,-0.57742
0.7,0.5,0,0.16604,-0.37686
0.7,0.5,0.628,0.31668,0.079409
0.7,0.5,1.256,0.58441,-0.29282
0.7,0.5,1.884,0.33903,-0.337
0.7,0.5,2.512,0.34524,-0.36222
0.7,0.5,3.14,0.21037,-0.38403
0.7,0.6,-3.14,0.19575,0.048039
0.7,0.6,-2.512,0.23264,0.044612
0.7,0.6,-1.884,-0.045052,0.0162
0.7,0.6,-1.256,0.057772,-0.15339
0.7,0.6,-0.628,0.13532,-0.5831
0.7,0.6,0,0.15899,-0.3903
0.7,0.6,0.628,0.31096,0.065497
0.7,0.6,1.256,0.57492,-0.30928
0.7,0.6,1.884,0.33877,-0.35567
0.7,0.6,2.512,0.34622,-0.3835
0.7,0.6,3.14,0.19411,-0.40541
0.7,0.7,-3.14,0.17698,0.050084
0.7,0.7,-2.512,0.23598,0.044491
0.7,0.7,-1.884,-0.042503,0.0038514
0.7,0.7,-1.256,0.0577,-0.17547
0.7,0.7,-0.628,0.12351,-0.59185
0.7,0.7,0,0.15271,-0.40432
0.7,0.7,0.628,0.30219,0.051514
0.7,0.7,1.256,0.56355,-0.32756
0.7,0.7,1.884,0.33831,-0.37604
0.7,0.7,2.512,0.34732,-0.40417
0.7,0.7,3.14,0.17547,-0.42344
0.7,0.8,-3.14,0.15699,0.054505
0.7,0.8,-2.512,0.23811,0.045397
0.7,0.8,-1.884,-0.039493,-0.012235
0.7,0.8,-1.256,0.057697,-0.19684
0.7,0.8,-0.628,0.11143,-0.60232
0.7,0.8,0,0.14951,-0.41773
0.7,0.8,0.628,0.28939,0.037415
0.7,0.8,1.256,0.55041,-0.3465
0.7,0.8,1.884,0.33763,-0.39529
0.7,0.8,2.512,0.3483,-0.42138
0.7,0.8,3.14,0.15571,-0.43667
0.7,0.9,-3.14,0.13717,0.061729
0.7,0.9,-2.512,0.23807,0.047489
0.7,0.9,-1.884,-0.03581,-0.032096
0.7,0.9,-1.256,0.057791,-0.21697
0.7,0.9,-0.628,0.099552,-0.61229
0.7,0.9,0,0.15148,-0.42928
0.7,0.9,0.628,0.27227,0.024767
0.7,0.9,1.256,0.53567,-0.36289
0.7,0.9,1.884,0.33672,-0.41002
0.7,0.9,2.512,0.3488,-0.43309
0.7,0.9,3.14,0.13617,-0.44456
0.7,1,-3.14,0.11871,0.069229
0.7,1,-2.512,0.23324,0.048211
0.7,1,-1.884,-0.031261,-0.056894
0.7,1,-1.256,0.058016,-0.23601
0.7,1,-0.628,0.088258,-0.62032
0.7,1,0,0.15916,-0.4376
0.7,1,0.628,0.25193,0.016543
0.7,1,1.256,0.51955,-0.37307
0.7,1,1.884,0.33553,-0.41767
0.7,1,2.512,0.34842,-0.43812
0.7,1,3.14,0.11801,-0.44664
0.8,0,-3.14,0.231,0.047003
0.8,0,-2.512,0.20821,0.046543
0.8,0,-1.884,-0.051384,0.040844
0.8,0,-1.256,0.053491,-0.036764
0.8,0,-0.628,0.1441,-0.56056
0.8,0,0,0.17004,-0.36392
0.8,0,0.628,0.30498,0.15103
0.8,0,1.256,0.64586,-0.20858
0.8,0,1.884,0.34747,-0.26243
0.8,0,2.512,0.33716,-0.29164
0.8,0,3.14,0.22973,-0.30429
0.8,0.1,-3.14,0.23156,0.046978
0.8,0.1,-2.512,0.22763,0.046437
0.8,0.1,-1.884,-0.047867,0.039809
0.8,0.1,-1.256,0.05347,-0.049285
0.8,0.1,-0.628,0.14346,-0.56138
0.8,0.1,0,0.17221,-0.36364
0.8,0.1,0.628,0.30222,0.14507
0.8,0.1,1.256,0.64596,-0.22423
0.8,0.1,1.884,0.34808,-0.27805
0.8,0.1,2.512,0.33697,-0.30281
0.8,0.1,3.14,0.23009,-0.3142
0.8,0.2,-3.14,0.22864,0.04694
0.8,0.2,-2.512,0.24099,0.04626
0.8,0.2,-1.884,-0.045014,0.038127
0.8,0.2,-1.256,0.053401,-0.065503
0.8,0.2,-0.628,0.1406,-0.56066
0.8,0.2,0,0.17183,-0.36527
0.8,0.2,0.628,0.30047,0.13583
0.8,0.2,1.256,0.64382,-0.24114
0.8,0.2,1.884,0.34854,-0.29228
0.8,0.2,2.512,0.3371,-0.31396
0.8,0.2,3.14,0.22699,-0.32659
0.8,0.3,-3.14,0.22201,0.046888
0.8,0.3,-2.512,0.24876,0.045973
0.8,0.3,-1.884,-0.042828,0.035462
0.8,0.3,-1.256,0.053291,-0.084909
0.8,0.3,-0.628,0.13572,-0.55957
0.8,0.3,0,0.16892,-0.36968
0.8,0.3,0.628,0.29955,0.12365
0.8,0.3,1.256,0.63938,-0.25793
0.8,0.3,1.884,0.34887,-0.30575
0.8,0.3,2.512,0.33755,-0.32671
0.8,0.3,3.14,0.22023,-0.34261
0.8,0.4,-3.14,0.21172,0.046832
0.8,0.4,-2.512,0.25234,0.045522
0.8,0.4,-1.884,-0.041255,0.031328
0.8,0.4,-1.256,0.053152,-0.10639
0.8,0.4,-0.628,0.12907,-0.55944
0.8,0.4,0,0.16367,-0.37751
0.8,0.4,0.628,0.29922,0.10958
0.8,0.4,1.256,0.63256,-0.27409
0.8,0.4,1.884,0.34905,-0.31986
0.8,0.4,2.512,0.33832,-0.34243
0.8,0.4,3.14,0.20988,-0.36225
0.8,0.5,-3.14,0.19816,0.046813
0.8,0.5,-2.512,0.25345,0.044841
0.8,0.5,-1.884,-0.040184,0.025054
0.8,0.5,-1.256,0.053001,-0.12865
0.8,0.5,-0.628,0.121,-0.56162
0.8,0.5,0,0.15673,-0.38876
0.8,0.5,0.628,0.299,0.094848
0.8,0.5,1.256,0.62336,-0.29022
0.8,0.5,1.884,0.34908,-0.3361
0.8,0.5,2.512,0.33935,-0.36141
0.8,0.5,3.14,0.19635,-0.38388
0.8,0.6,-3.14,0.18209,0.046962
0.8,0.6,-2.512,0.25345,0.043878
0.8,0.6,-1.884,-0.039447,0.015785
0.8,0.6,-1.256,0.052859,-0.15086
0.8,0.6,-0.628,0.1119,-0.56719
0.8,0.6,0,0.14952,-0.40268
0.8,0.6,0.628,0.29813,0.080014
0.8,0.6,1.256,0.61181,-0.30751
0.8,0.6,1.884,0.34894,-0.35503
0.8,0.6,2.512,0.34051,-0.38235
0.8,0.6,3.14,0.18042,-0.40478
0.8,0.7,-3.14,0.16456,0.04762
0.8,0.7,-2.512,0.25297,0.042661
0.8,0.7,-1.884,-0.038816,0.0025896
0.8,0.7,-1.256,0.052753,-0.17293
0.8,0.7,-0.628,0.10218,-0.57655
0.8,0.7,0,0.14438,-0.41812
0.8,0.7,0.628,0.29545,0.064823
0.8,0.7,1.256,0.59798,-0.32664
0.8,0.7,1.884,0.34861,-0.37559
0.8,0.7,2.512,0.34165,-0.40262
0.8,0.7,3.14,0.16313,-0.42259
0.8,0.8,-3.14,0.14673,0.049509
0.8,0.8,-2.512,0.25198,0.04143
0.8,0.8,-1.884,-0.038007,-0.015237
0.8,0.8,-1.256,0.052708,-0.19521
0.8,0.8,-0.628,0.092248,-0.58899
0.8,0.8,0,0.14405,-0.434
0.8,0.8,0.628,0.28944,0.04908
0.8,0.8,1.256,0.58207,-0.34668
0.8,0.8,1.884,0.34807,-0.39521
0.8,0.8,2.512,0.34249,-0.41973
0.8,0.8,3.14,0.14559,-0.43619
0.8,0.9,-3.14,0.12966,0.053636
0.8,0.9,-2.512,0.24997,0.040598
0.8,0.9,-1.884,-0.036689,-0.037749
0.8,0.9,-1.256,0.052754,-0.21771
0.8,0.9,-0.628,0.082487,-0.6027
0.8,0.9,0,0.15034,-0.4492
0.8,0.9,0.628,0.2785,0.033999
0.8,0.9,1.256,0.56431,-0.36488
0.8,0.9,1.884,0.34729,-0.41099
0.8,0.9,2.512,0.34275,-0.43219
0.8,0.9,3.14,0.12883,-0.44545
0.8,1,-3.14,0.11414,0.059951
0.8,1,-2.512,0.24569,0.039745
0.8,1,-1.884,-0.03451,-0.064484
0.8,1,-1.256,0.052924,-0.23958
0.8,1,-0.628,0.073238,-0.61519
0.8,1,0,0.16278,-0.4617
0.8,1,0.628,0.2618,0.022689
0.8,1,1.256,0.54503,-0.37773
0.8,1,1.884,0.34626,-0.42076
0.8,1,2.512,0.34213,-0.43934
0.8,1,3.14,0.1136,-0.45029
0.9,0,-3.14,0.22124,0.047005
0.9,0,-2.512,0.21989,0.046569
0.9,0,-1.884,-0.025754,0.041068
0.9,0,-1.256,0.048823,-0.034688
0.9,0,-0.628,0.11884,-0.54587
0.9,0,0,0.15968,-0.38054
0.9,0,0.628,0.28374,0.1645
0.9,0,1.256,0.69438,-0.20377
0.9,0,1.884,0.35826,-0.25811
0.9,0,2.512,0.3286,-0.28927
0.9,0,3.14,0.2197,-0.30548
0.9,0.1,-3.14,0.22032,0.046978
0.9,0.1,-2.512,0.24529,0.046464
0.9,0.1,-1.884,-0.021663,0.040015
0.9,0.1,-1.256,0.048774,-0.047461
0.9,0.1,-0.628,0.1185,-0.54674
0.9,0.1,0,0.16229,-0.37983
0.9,0.1,0.628,0.28269,0.15959
0.9,0.1,1.256,0.6942,-0.21894
0.9,0.1,1.884,0.35898,-0.27438
0.9,0.1,2.512,0.3288,-0.3012
0.9,0.1,3.14,0.21859,-0.3156
0.9,0.2,-3.14,0.21604,0.046934
0.9,0.2,-2.512,0.27014,0.046287
0.9,0.2,-1.884,-0.018672,0.038312
0.9,0.2,-1.256,0.048669,-0.063867
0.9,0.2,-0.628,0.1163,-0.546
0.9,0.2,0,0.16178,-0.38088
0.9,0.2,0.628,0.28199,0.15138
0.9,0.2,1.256,0.69133,-0.23591
0.9,0.2,1.884,0.35957,-0.28948
0.9,0.2,2.512,0.32931,-0.31291
0.9,0.2,3.14,0.21419,-0.32802
0.9,0.3,-3.14,0.20839,0.046865
0.9,0.3,-2.512,0.28936,0.045996
0.9,0.3,-1.884,-0.016791,0.035619
0.9,0.3,-1.256,0.048517,-0.083328
0.9,0.3,-0.628,0.11239,-0.54478
0.9,0.3,0,0.15829,-0.38458
0.9,0.3,0.628,0.28165,0.13994
0.9,0.3,1.256,0.68567,-0.2533
0.9,0.3,1.884,0.36003,-0.30379
0.9,0.3,2.512,0.33012,-0.32605
0.9,0.3,3.14,0.2065,-0.34388
0.9,0.4,-3.14,0.19767,0.046762
0.9,0.4,-2.512,0.29825,0.045523
0.9,0.4,-1.884,-0.015984,0.031444
0.9,0.4,-1.256,0.048329,-0.10467
0.9,0.4,-0.628,0.10701,-0.54439
0.9,0.4,0,0.15232,-0.39171
0.9,0.4,0.628,0.28185,0.12608
0.9,0.4,1.256,0.67712,-0.27034
0.9,0.4,1.884,0.36035,-0.31862
0.9,0.4,2.512,0.33118,-0.34195
0.9,0.4,3.14,0.19582,-0.36317
0.9,0.5,-3.14,0.18449,0.046622
0.9,0.5,-2.512,0.29659,0.044771
0.9,0.5,-1.884,-0.01617,0.025096
0.9,0.5,-1.256,0.048122,-0.12659
0.9,0.5,-0.628,0.10043,-0.54621
0.9,0.5,0,0.14509,-0.40257
0.9,0.5,0.628,0.28277,0.11097
0.9,0.5,1.256,0.66565,-0.28742
0.9,0.5,1.884,0.36053,-0.33537
0.9,0.5,2.512,0.33241,-0.36092
0.9,0.5,3.14,0.18279,-0.38425
0.9,0.6,-3.14,0.16971,0.04647
0.9,0.6,-2.512,0.28902,0.043606
0.9,0.6,-1.884,-0.017219,0.015667
0.9,0.6,-1.256,0.047916,-0.14832
0.9,0.6,-0.628,0.092985,-0.55149
0.9,0.6,0,0.13884,-0.4167
0.9,0.6,0.628,0.28424,0.095363
0.9,0.6,1.256,0.65129,-0.30556
0.9,0.6,1.884,0.36054,-0.35464
0.9,0.6,2.512,0.33369,-0.38161
0.9,0.6,3.14,0.16824,-0.40446
0.9,0.7,-3.14,0.15427,0.046418
0.9,0.7,-2.512,0.28046,0.041871
0.9,0.7,-1.884,-0.018937,0.0020942
0.9,0.7,-1.256,0.047736,-0.16996
0.9,0.7,-0.628,0.085019,-0.56097
0.9,0.7,0,0.13665,-0.43311
0.9,0.7,0.628,0.28551,0.079194
0.9,0.7,1.256,0.6342,-0.32542
0.9,0.7,1.884,0.36038,-0.37537
0.9,0.7,2.512,0.33483,-0.40147
0.9,0.7,3.14,0.15308,-0.42161
0.9,0.8,-3.14,0.13903,0.046782
0.9,0.8,-2.512,0.2731,0.039448
0.9,0.8,-1.884,-0.021054,-0.016616
0.9,0.8,-1.256,0.047608,-0.19233
0.9,0.8,-0.628,0.076876,-0.5745
0.9,0.8,0,0.14139,-0.45079
0.9,0.8,0.628,0.28509,0.062304
0.9,0.8,1.256,0.61463,-0.34619
0.9,0.8,1.884,0.36001,-0.39513
0.9,0.8,2.512,0.33561,-0.41816
0.9,0.8,3.14,0.13814,-0.43484
0.9,0.9,-3.14,0.12472,0.048234
0.9,0.9,-2.512,0.26677,0.036359
0.9,0.9,-1.884,-0.0232,-0.040931
0.9,0.9,-1.256,0.047564,-0.2161
0.9,0.9,-0.628,0.068883,-0.59077
0.9,0.9,0,0.15398,-0.46869
0.9,0.9,0.628,0.28098,0.045665
0.9,0.9,1.256,0.59296,-0.36544
0.9,0.9,1.884,0.35941,-0.41134
0.9,0.9,2.512,0.3358,-0.43059
0.9,0.9,3.14,0.12412,-0.44435
0.9,1,-3.14,0.11185,0.051577
0.9,1,-2.512,0.26017,0.032655
0.9,1,-1.884,-0.024905,-0.070285
0.9,1,-1.256,0.047634,-0.24084
0.9,1,-0.628,0.061325,-0.60742
0.9,1,0,0.17229,-0.48489
0.9,1,0.628,0.27096,0.031981
0.9,1,1.256,0.56963,-0.38018
0.9,1,1.884,0.35855,-0.42236
0.9,1,2.512,0.33515,-0.4386
0.9,1,3.14,0.11151,-0.45051
1,0,-3.14,0.21084,0.047008
1,0,-2.512,0.22312,0.046593
1,0,-1.884,0.017442,0.041272
1,0,-1.256,0.044257,-0.032799
1,0,-0.628,0.098624,-0.53151
1,0,0,0.14469,-0.39905
1,0,0.628,0.26665,0.17816
1,0,1.256,0.74645,-0.19914
1,0,1.884,0.3704,-0.25372
1,0,2.512,0.32067,-0.28656
1,0,3.14,0.20921,-0.30581
1,0.1,-3.14,0.20867,0.046981
1,0.1,-2.512,0.23488,0.046491
1,0.1,-1.884,0.021842,0.0402
1,0.1,-1.256,0.044164,-0.045825
1,0.1,-0.628,0.098513,-0.53245
1,0.1,0,0.14782,-0.39798
1,0.1,0.628,0.2674,0.17427
1,0.1,1.256,0.7457,-0.21371
1,0.1,1.884,0.37125,-0.27053
1,0.1,2.512,0.32111,-0.29933
1,0.1,3.14,0.20693,-0.3163
1,0.2,-3.14,0.20352,0.046935
1,0.2,-2.512,0.25509,0.046317
1,0.2,-1.884,0.024845,0.038473
1,0.2,-1.256,0.044005,-0.062422
1,0.2,-0.628,0.096844,-0.53172
1,0.2,0,0.14727,-0.39851
1,0.2,0.628,0.26824,0.16713
1,0.2,1.256,0.74176,-0.23059
1,0.2,1.884,0.37199,-0.28649
1,0.2,2.512,0.32187,-0.31174
1,0.2,3.14,0.20173,-0.32892
1,0.3,-3.14,0.19556,0.04686
1,0.3,-2.512,0.28179,0.046028
1,0.3,-1.884,0.026454,0.035752
1,0.3,-1.256,0.043787,-0.081941
1,0.3,-0.628,0.093743,-0.53041
1,0.3,0,0.14341,-0.40154
1,0.3,0.628,0.26904,0.15655
1,0.3,1.256,0.73445,-0.24845
1,0.3,1.884,0.3726,-0.30172
1,0.3,2.512,0.3229,-0.32538
1,0.3,3.14,0.19382,-0.34482
1,0.4,-3.14,0.18527,0.046738
1,0.4,-2.512,0.31061,0.045553
1,0.4,-1.884,0.0267,0.031542
1,0.4,-1.256,0.043521,-0.10315
1,0.4,-0.628,0.089398,-0.5298
1,0.4,0,0.13731,-0.40796
1,0.4,0.628,0.26974,0.14307
1,0.4,1.256,0.72363,-0.26635
1,0.4,1.884,0.37309,-0.31735
1,0.4,2.512,0.32413,-0.34162
1,0.4,3.14,0.18366,-0.36393
1,0.5,-3.14,0.17329,0.046546
1,0.5,-2.512,0.33255,0.044781
1,0.5,-1.884,0.025639,0.025147
1,0.5,-1.256,0.043224,-0.12472
1,0.5,-0.628,0.084048,-0.53127
1,0.5,0,0.13111,-0.41831
1,0.5,0.628,0.27051,0.12775
1,0.5,1.256,0.70923,-0.28438
1,0.5,1.884,0.37345,-0.33472
1,0.5,2.512,0.32549,-0.36071
1,0.5,3.14,0.17189,-0.38459
1,0.6,-3.14,0.16036,0.04626
1,0.6,-2.512,0.33757,0.043544
1,0.6,-1.884,0.023343,0.015642
1,0.6,-1.256,0.042915,-0.14591
1,0.6,-0.628,0.077966,-0.53617
1,0.6,0,0.12807,-0.43244
1,0.6,0.628,0.27191,0.11148
1,0.6,1.256,0.69129,-0.3034
1,0.6,1.884,0.37366,-0.3544
1,0.6,2.512,0.32683,-0.38129
1,0.6,3.14,0.15921,-0.40417
1,0.7,-3.14,0.14719,0.045873
1,0.7,-2.512,0.32594,0.041594
1,0.7,-1.884,0.019908,0.001918
1,0.7,-1.256,0.04262,-0.16695
1,0.7,-0.628,0.071444,-0.54551
1,0.7,0,0.13186,-0.44956
1,0.7,0.628,0.27446,0.094455
1,0.7,1.256,0.67003,-0.32398
1,0.7,1.884,0.37369,-0.37533
1,0.7,2.512,0.328,-0.40083
1,0.7,3.14,0.14631,-0.42056
1,0.8,-3.14,0.13438,0.045446
1,0.8,-2.512,0.3083,0.038607
1,0.8,-1.884,0.015461,-0.017158
1,0.8,-1.256,0.042365,-0.18891
1,0.8,-0.628,0.064771,-0.55954
1,0.8,0,0.14474,-0.46862
1,0.8,0.628,0.27757,0.076667
1,0.8,1.256,0.64584,-0.34531
1,0.8,1.884,0.37354,-0.39514
1,0.8,2.512,0.32879,-0.41711
1,0.8,3.14,0.13376,-0.4331
1,0.9,-3.14,0.12243,0.04523
1,0.9,-2.512,0.29255,0.034228
1,0.9,-1.884,0.010196,-0.042366
1,0.9,-1.256,0.042181,-0.21302
1,0.9,-0.628,0.058222,-0.57743
1,0.9,0,0.16568,-0.48852
1,0.9,0.628,0.2792,0.059032
1,0.9,1.256,0.61926,-0.36517
1,0.9,1.884,0.37316,-0.41148
1,0.9,2.512,0.32903,-0.42922
1,0.9,3.14,0.12205,-0.44218
1,1,-3.14,0.11173,0.045777
1,1,-2.512,0.27987,0.028159
1,1,-1.884,0.0044261,-0.073574
1,1,-1.256,0.042101,-0.23956
1,1,-0.628,0.052038,-0.59713
1,1,0,0.19036,-0.50747
1,1,0.628,0.27646,0.043905
1,1,1.256,0.59098,-0.38097
1,1,1.884,0.37252,-0.42308
1,1,2.512,0.32853,-0.43734
1,1,3.14,0.11158,-0.44853
